1.704677895786108763e+02 6.294118487493283176e-03 2.555785568160312896e-02 1.704677895786108763e+02 -3.849223642591782513e-01 7.703276594894474805e-01
1.714449661099344837e+02 -3.062865205727132931e-03 2.555911887635813756e-02 1.714449661099344837e+02 -2.016558787984616963e-01 7.398348658294944258e-01
1.724221426412580627e+02 -1.998381696122354667e-02 2.555785568160312896e-02 1.724221426412580627e+02 -2.044306789620295439e-01 6.999874435053179411e-01
1.733993191725816700e+02 -2.634405725887848868e-02 2.555864767844679905e-02 1.733993191725816700e+02 -3.452329015299672177e-01 8.207117852058867236e-01
1.743764957039052774e+02 3.926663074383940355e-04 2.555838637030343960e-02 1.743764957039052774e+02 -2.927118323822439638e-01 1.019153422185667068e+00
1.753536722352288848e+02 7.805329709440256281e-03 2.556329882132627601e-02 1.753536722352288848e+02 -4.089002599241756686e-01 8.313345337950227565e-01
1.763308487665524638e+02 -2.224784780846336685e-02 2.556835461980974319e-02 1.763308487665524638e+02 -3.800598022266242215e-01 7.932212715374854506e-01
1.773080252978760711e+02 -2.804118978475866539e-02 2.556999786029436755e-02 1.773080252978760711e+02 -3.720702939316047342e-01 8.699737958641163837e-01
1.782852018291996785e+02 -4.470752331288373183e-03 2.556543908806551899e-02 1.782852018291996785e+02 -4.801360217428740640e-01 8.393923357653459982e-01
1.792623783605232859e+02 8.007365727337956152e-03 2.556770871832555331e-02 1.792623783605232859e+02 -2.764194821686116743e-01 8.623009531860080790e-01
1.802395548918468648e+02 1.937089167798622738e-02 2.556836827863570583e-02 1.802395548918468648e+02 -2.230670640918848424e-01 8.020881980825925739e-01
1.812167314231704722e+02 1.716554541020487434e-02 2.556833142697334874e-02 1.812167314231704722e+02 -1.109936585244881702e-01 8.511847662607597842e-01
1.821939079544940796e+02 -9.248560101766667430e-04 2.556834229822153165e-02 1.821939079544940796e+02 1.476145984138051426e-01 9.578586621944404911e-01
1.831710844858176870e+02 8.024059471346434158e-03 2.557005409073396726e-02 1.831710844858176870e+02 8.862019847783332571e-02 9.102872473412328969e-01
1.841482610171412659e+02 4.762158012834019627e-02 2.557044680899145384e-02 1.841482610171412659e+02 -2.051330387232105923e-01 8.312154082108814679e-01
1.851254375484648733e+02 3.522221030015407206e-02 2.557038890379634277e-02 1.851254375484648733e+02 -2.303143532905750079e-01 7.427304664861138495e-01
1.861026140797884807e+02 -1.580152135453305462e-02 2.557631453483980369e-02 1.861026140797884807e+02 1.782755052517658312e-01 7.056254858576290756e-01
1.870797906111120881e+02 -2.052956706098862938e-02 2.558187677409860111e-02 1.870797906111120881e+02 2.952741963234379874e-01 8.235973581679596478e-01
1.880569671424356670e+02 -1.086220882771050250e-02 2.558512382332359461e-02 1.880569671424356670e+02 1.264560299278122135e-01 8.998611678954682169e-01
1.890341436737592744e+02 -1.372400968590739567e-02 2.558639155416330205e-02 1.890341436737592744e+02 1.221942830828656318e-01 8.197898237887042416e-01
1.900113202050828818e+02 -3.538795474393200552e-02 2.558582719540739014e-02 1.900113202050828818e+02 -5.410201536058494021e-02 9.322277104030430861e-01
1.909884967364064892e+02 -4.373932089841825466e-02 2.559630993159273463e-02 1.909884967364064892e+02 9.120377692674183634e-02 9.937037421465749754e-01
1.919656732677300681e+02 1.660188768409134180e-02 2.559094373552150276e-02 1.919656732677300681e+02 3.507177409102222865e-01 9.360516166015866446e-01
1.929428497990536755e+02 6.315420214833689094e-02 2.559337963962744419e-02 1.929428497990536755e+02 2.491893999584138264e-01 7.759040280565981940e-01
1.939200263303772829e+02 3.319213451619018596e-02 2.560034959803128563e-02 1.939200263303772829e+02 6.347318414737135317e-02 7.712235856477521745e-01
1.948972028617008903e+02 -8.860632562378900623e-03 2.561177342088946304e-02 1.948972028617008903e+02 1.256969073700285044e-01 8.823095749717022596e-01
1.958743793930244692e+02 -3.318323188106622745e-02 2.561455926785221812e-02 1.958743793930244692e+02 1.705429845347598283e-01 7.667464632644854783e-01
1.968515559243480766e+02 -1.927623688857744988e-02 2.561717626482050425e-02 1.968515559243480766e+02 2.743011282691750763e-01 8.387122738304710889e-01
1.978287324556716840e+02 1.779862631938555761e-02 2.563001610369325042e-02 1.978287324556716840e+02 5.433465100852294949e-01 8.788343518186314540e-01
1.988059089869952913e+02 -7.806290818290317901e-03 2.563233211997651903e-02 1.988059089869952913e+02 2.365920195568627371e-01 8.035402491661612911e-01
1.997830855183188703e+02 -4.633230598787796417e-02 2.565550327099530570e-02 1.997830855183188703e+02 3.959942025608514937e-01 7.708987660890440630e-01
2.007602620496424777e+02 -2.641345564508390531e-02 2.565934200833110829e-02 2.007602620496424777e+02 3.406257883931097519e-01 8.928897641508564131e-01
2.017374385809660851e+02 -9.035768731135825071e-03 2.566786351041097300e-02 2.017374385809660851e+02 2.536283934654381955e-01 8.358504952561397472e-01
2.027146151122896640e+02 6.071068791599690956e-03 2.568783647545843166e-02 2.027146151122896640e+02 3.208865519147143242e-01 8.176901082206458060e-01
2.036917916436132714e+02 4.554875864862206747e-02 2.569642097681996973e-02 2.036917916436132714e+02 7.340265087399256982e-01 8.917524263389936534e-01
2.046689681749368788e+02 6.348027365396435862e-02 2.570924189303083404e-02 2.046689681749368788e+02 2.926368052581515000e-01 8.906364907402221087e-01
2.056461447062604861e+02 3.004593758021529767e-02 2.571391127994585371e-02 2.056461447062604861e+02 2.127698214197532578e-01 8.704898213271043961e-01
2.066233212375840935e+02 1.812793402398860804e-03 2.573263423581376164e-02 2.066233212375840935e+02 2.708889643570110417e-01 7.611843755644758236e-01
2.076004977689076725e+02 1.266952347643549720e-02 2.575295473054040746e-02 2.076004977689076725e+02 4.053250993479915465e-01 8.713661735391949881e-01
2.085776743002312799e+02 -6.859504696644092014e-04 2.576147623209025517e-02 2.085776743002312799e+02 1.654409841789572511e-01 8.366097699401489063e-01
2.095548508315548872e+02 -2.874947558540186243e-02 2.578870011788288868e-02 2.095548508315548872e+02 5.186729976479307336e-01 8.150755721072787674e-01
2.105320273628784662e+02 -2.953649577084524816e-02 2.580059862265285733e-02 2.105320273628784662e+02 3.366499819865800824e-01 9.097051518589456265e-01
2.115092038942020736e+02 -7.647701436314102708e-03 2.582029125768748462e-02 2.115092038942020736e+02 5.118337799043976011e-01 9.350588632100362840e-01
2.124863804255256809e+02 -4.277834992573614770e-03 2.585627219576906374e-02 2.124863804255256809e+02 9.530710178100537666e-01 7.289055859806037319e-01
2.134635569568492883e+02 -1.950559874792491197e-03 2.590530690140565445e-02 2.134635569568492883e+02 1.167730551681238849e+00 7.370887235721370612e-01
2.144407334881728957e+02 2.931234539310612064e-02 2.597022964574442760e-02 2.144407334881728957e+02 1.440179645702056144e+00 8.041420508888602603e-01
2.154179100194964747e+02 3.279664505937518459e-02 2.602830556768856440e-02 2.154179100194964747e+02 1.658715508979824227e+00 8.301661366923949181e-01
2.163950865508200820e+02 3.410828620050321280e-02 2.608950643589313598e-02 2.163950865508200820e+02 1.651741651364211583e+00 8.175191115782330931e-01
2.173722630821436894e+02 5.373816765349004321e-02 2.616575941319127657e-02 2.173722630821436894e+02 1.913194196316651219e+00 8.053546363286112619e-01
2.183494396134672684e+02 4.697783860787247551e-02 2.625916803021517698e-02 2.183494396134672684e+02 2.469389750292823038e+00 9.990632472241558482e-01
2.193266161447908758e+02 1.373205892414624402e-02 2.637068351295307825e-02 2.193266161447908758e+02 3.009085725522797183e+00 9.735337760500080151e-01
2.203037926761144831e+02 -9.880583367441110598e-03 2.644767905183560003e-02 2.203037926761144831e+02 3.552690146035719643e+00 8.767672868360075755e-01
2.212809692074380905e+02 -1.374899081044489435e-03 2.656465087570774458e-02 2.212809692074380905e+02 4.489617218112433861e+00 9.890496350633459777e-01
2.222581457387616979e+02 1.336345644142655775e-02 2.670058811375042654e-02 2.222581457387616979e+02 5.522857789294430830e+00 1.365093395327801495e+00
2.232353222700852768e+02 1.896273613552512671e-02 2.685531974583018136e-02 2.232353222700852768e+02 6.535537215634683150e+00 1.293089863510143100e+00
2.242124988014088842e+02 1.298888388445718078e-03 2.708523140612276864e-02 2.242124988014088842e+02 7.623322842253747567e+00 9.457176474063431204e-01
2.251896753327324916e+02 -3.965287213952306544e-02 2.731496933630670962e-02 2.251896753327324916e+02 8.706099241425860669e+00 8.278121087004415291e-01
2.261668518640560706e+02 -5.000171222106090246e-02 2.754275055786297582e-02 2.261668518640560706e+02 9.961352120068713845e+00 8.803674456584769104e-01
2.271440283953796779e+02 -3.047483135662232279e-02 2.779607197386941772e-02 2.271440283953796779e+02 1.146611728757869031e+01 1.173604747035539742e+00
2.281212049267032853e+02 -9.589104644466436150e-03 2.808663950460001807e-02 2.281212049267032853e+02 1.288973512648498243e+01 1.608123469988301135e+00
2.290983814580268927e+02 2.816048246484170736e-02 2.842544314296439889e-02 2.290983814580268927e+02 1.483037851388402828e+01 1.776849896201149637e+00
2.300755579893505001e+02 5.987069955748976907e-02 2.886561248314204603e-02 2.300755579893505001e+02 1.740069776999589735e+01 2.019159868561838600e+00
2.310527345206740790e+02 5.340245808680973288e-02 2.932460119095175316e-02 2.310527345206740790e+02 1.954093757297026457e+01 2.680784386859162982e+00
2.320299110519976864e+02 4.651872912176144986e-02 2.985328007986563434e-02 2.320299110519976864e+02 2.157249308500223961e+01 2.976466857416061984e+00
2.330070875833212938e+02 7.489655671757833311e-02 3.049463147335974497e-02 2.330070875833212938e+02 2.349720103149441641e+01 2.943764462472115540e+00
2.339842641146448727e+02 1.197640941087912136e-01 3.105356788483400188e-02 2.339842641146448727e+02 2.597875386130300157e+01 2.537826758980547659e+00
2.349614406459684801e+02 1.374259516417926097e-01 3.160754802699764637e-02 2.349614406459684801e+02 2.759993641749779059e+01 2.524836577961155459e+00
2.359386171772920875e+02 1.600670209267355537e-01 3.180382656099556282e-02 2.359386171772920875e+02 2.885070485893653114e+01 2.275407854327148094e+00
2.369157937086156949e+02 2.064494720255332094e-01 3.210508600708932014e-02 2.369157937086156949e+02 3.114654156146766795e+01 2.124191324763390565e+00
2.378929702399393022e+02 2.248581725763378891e-01 3.231618947791294050e-02 2.378929702399393022e+02 3.293542200400617759e+01 2.554806928635944718e+00
2.388701467712628812e+02 2.677884911748522612e-01 3.239579230890837769e-02 2.388701467712628812e+02 3.399255212551940275e+01 3.277114351133103565e+00
2.398473233025864886e+02 3.622210928294535837e-01 3.233559237136714865e-02 2.398473233025864886e+02 3.611065772401638441e+01 4.243342272467460319e+00
2.408244998339100675e+02 4.345750012836161469e-01 3.222884378564375846e-02 2.408244998339100675e+02 3.937084431784877125e+01 3.965700237955734675e+00
2.418016763652336749e+02 4.698788273362879409e-01 3.208282485507289034e-02 2.418016763652336749e+02 4.219073966482152116e+01 3.606757819841749590e+00
2.427788528965572823e+02 4.929406137344796157e-01 3.231578663394252954e-02 2.427788528965572823e+02 4.494683872190342555e+01 2.715445088283329866e+00
2.437560294278808897e+02 5.260995211455256060e-01 3.260864984258244476e-02 2.437560294278808897e+02 4.611434789238404619e+01 3.101795520432171660e+00
2.447332059592044970e+02 5.468150256716728386e-01 3.286589449250248290e-02 2.447332059592044970e+02 4.642934638040360085e+01 3.732647670071300716e+00
2.457103824905281044e+02 5.198008980209209984e-01 3.302395470722231663e-02 2.457103824905281044e+02 4.690168265846796203e+01 3.930208242603198343e+00
2.466875590218516834e+02 4.620029833638228389e-01 3.328474828430705301e-02 2.466875590218516834e+02 4.691311949113113400e+01 2.922360094314434775e+00
2.476647355531752908e+02 3.597661207703744535e-01 3.356833610698690268e-02 2.476647355531752908e+02 4.488932780709545511e+01 3.125840909134139700e+00
2.486419120844988697e+02 1.946176301217569515e-01 3.370582103560200438e-02 2.486419120844988697e+02 4.339070124417254704e+01 3.170490572853746247e+00
2.496190886158224771e+02 6.011640861458103502e-02 3.381962184809841898e-02 2.496190886158224771e+02 4.127693433714734539e+01 2.750161577928153189e+00
2.505962651471460845e+02 -4.578283526711524054e-03 3.394517155536926761e-02 2.505962651471460845e+02 3.836033766431815906e+01 3.396075991926653881e+00
2.515734416784696919e+02 -5.249575898574287969e-02 3.376549299978931495e-02 2.515734416784696919e+02 3.625537372568779659e+01 3.912233740136867866e+00
2.525506182097932992e+02 -5.545176551138952803e-02 3.354425878669937272e-02 2.525506182097932992e+02 3.319092571122261859e+01 3.659678056501540322e+00
2.535277947411169066e+02 -6.252254687387485965e-02 3.325706686843903082e-02 2.535277947411169066e+02 2.905290849094134487e+01 3.856155193775883561e+00
2.545049712724404856e+02 -7.914655934231795698e-02 3.289442948666436439e-02 2.545049712724404856e+02 2.600147348289377902e+01 3.475105822542754019e+00
2.554821478037640929e+02 -5.202019099684219994e-02 3.253573796882458513e-02 2.554821478037640929e+02 2.317387991889536281e+01 2.748076719648698596e+00
2.564593243350876719e+02 -4.777393204212890265e-02 3.186659303858823539e-02 2.564593243350876719e+02 1.981889318626130958e+01 2.805709488276352026e+00
2.574365008664112793e+02 -8.066044454309806433e-02 3.121657681509336715e-02 2.574365008664112793e+02 1.744087513604102924e+01 2.519378741907324581e+00
2.584136773977348867e+02 -9.549498449537718869e-02 3.065235301048118560e-02 2.584136773977348867e+02 1.534454376925364194e+01 2.087492988041647735e+00
2.593908539290584940e+02 -7.546273921935076068e-02 3.009301778749255349e-02 2.593908539290584940e+02 1.348833082948169704e+01 1.766839604599237834e+00
2.603680304603821014e+02 -5.481870487885420751e-02 2.967051675064230967e-02 2.603680304603821014e+02 1.168891192067472140e+01 1.375415632225664986e+00
2.613452069917057088e+02 -1.589625930928839637e-02 2.925912025430889990e-02 2.613452069917057088e+02 9.887447205947530904e+00 1.330002947030979543e+00
2.623223835230293162e+02 1.297070942785810005e-02 2.879001782840128268e-02 2.623223835230293162e+02 8.856805496251093146e+00 1.046826969054227119e+00
2.632995600543529235e+02 -2.054522778665879984e-02 2.840409684345357455e-02 2.632995600543529235e+02 7.945076625626507294e+00 9.581451379960864712e-01
2.642767365856764741e+02 -3.782195776749830429e-02 2.808769689327666672e-02 2.642767365856764741e+02 7.034020928980023513e+00 1.092287851139589261e+00
2.652539131170000815e+02 4.605015739420070808e-03 2.775338108700045256e-02 2.652539131170000815e+02 6.153158600901287301e+00 1.053740336073865747e+00
2.662310896483236888e+02 4.357187489708699152e-02 2.746625601541624953e-02 2.662310896483236888e+02 5.081709444200069647e+00 8.846563499745676573e-01
2.672082661796472962e+02 2.965574381712510199e-02 2.724371750844993209e-02 2.672082661796472962e+02 4.078446290688514608e+00 9.767160625270328023e-01
2.681854427109709036e+02 4.130534469148683385e-03 2.702339270862916601e-02 2.681854427109709036e+02 3.651837919436139668e+00 1.243744999581889443e+00
2.691626192422945110e+02 -7.589305552460447364e-03 2.683158574041320452e-02 2.691626192422945110e+02 3.481476463745674099e+00 1.073933282236205322e+00
2.701397957736180615e+02 -2.556393771629001874e-02 2.668005472919708632e-02 2.701397957736180615e+02 3.153383899764127918e+00 8.202261798119234726e-01
2.711169723049416689e+02 -4.211055182527112528e-02 2.656816886469177616e-02 2.711169723049416689e+02 3.013772798804133402e+00 9.170534298236352466e-01
2.720941488362652763e+02 -4.648360565783545700e-02 2.649099551938068411e-02 2.720941488362652763e+02 2.932896418838398578e+00 9.965807960105891317e-01
2.730713253675888836e+02 -3.972663339823845341e-02 2.637840503023325400e-02 2.730713253675888836e+02 2.536338078939172291e+00 1.009247961246504399e+00
2.740485018989124910e+02 2.710974939487909019e-03 2.628417308176921388e-02 2.740485018989124910e+02 2.271778096623600973e+00 1.088973194507375730e+00
2.750256784302360984e+02 4.343159633255452845e-02 2.620964136734978134e-02 2.750256784302360984e+02 2.185448732639276859e+00 1.234612524216231133e+00
2.760028549615597058e+02 2.007808356522441592e-02 2.614375387224583680e-02 2.760028549615597058e+02 1.646821113448563079e+00 1.073447534839124362e+00
2.769800314928833131e+02 2.393687614902058336e-03 2.609214147589921512e-02 2.769800314928833131e+02 1.193599405739644403e+00 1.097983611808841076e+00
2.779572080242069205e+02 1.491489467932901811e-02 2.601739253187988418e-02 2.779572080242069205e+02 8.249088022268429299e-01 1.125044813770055274e+00
2.789343845555305279e+02 3.154530341010508554e-02 2.598925722822092305e-02 2.789343845555305279e+02 7.528784612726823200e-01 1.217021477528825502e+00
2.799115610868540784e+02 3.290410655217856917e-02 2.595456974160586378e-02 2.799115610868540784e+02 6.194870660225815229e-01 1.054026561985950794e+00
2.808887376181776858e+02 1.503364686959351992e-02 2.592241251230046825e-02 2.808887376181776858e+02 5.242903442942613984e-02 9.479523132691344278e-01
2.818659141495012932e+02 1.558325619471730324e-02 2.586848236822711714e-02 2.818659141495012932e+02 2.682174471564042345e-02 1.187907562263224248e+00
2.828430906808249006e+02 2.253482371810977547e-02 2.584092177183583416e-02 2.828430906808249006e+02 1.820810877665446637e-01 9.566103988008929360e-01
2.838202672121485080e+02 3.226543361918809971e-02 2.582049070648641947e-02 2.838202672121485080e+02 -1.049313014224145801e-01 1.040766221875048636e+00
2.847974437434721153e+02 2.723534115847847659e-02 2.580235807219770014e-02 2.847974437434721153e+02 -1.477449635157142005e-01 1.028737842235644351e+00
2.857746202747956659e+02 1.603102322425875581e-02 2.577634015149561295e-02 2.857746202747956659e+02 5.850769868617038127e-03 7.810276697038927018e-01
2.867517968061192732e+02 2.382835372437963617e-02 2.575590038451967129e-02 2.867517968061192732e+02 3.231539737273979584e-01 9.432654261481997482e-01
2.877289733374428806e+02 1.719039394337529281e-02 2.573832937074509164e-02 2.877289733374428806e+02 1.929813059269040385e-02 7.447103283636128390e-01
2.887061498687664880e+02 5.727259498585435260e-03 2.572497474971989842e-02 2.887061498687664880e+02 -8.697826418073545396e-02 8.264479822803486586e-01
2.896833264000900954e+02 1.367706201843643665e-02 2.571500217818168885e-02 2.896833264000900954e+02 3.237817580078361512e-01 8.642119465098807574e-01
2.906605029314137028e+02 2.937251032399545991e-02 2.569940108381701602e-02 2.906605029314137028e+02 1.060876412337005414e-01 8.969725284478382576e-01
2.916376794627373101e+02 3.832711731044835535e-02 2.568679808491747610e-02 2.916376794627373101e+02 3.291557266373479340e-01 8.187894099833779027e-01
2.926148559940609175e+02 4.670233978330319558e-02 2.568442992410649092e-02 2.926148559940609175e+02 5.238229870012389711e-01 7.278363559859897247e-01
2.935920325253845249e+02 4.125369076721608491e-02 2.568091981901016521e-02 2.935920325253845249e+02 -1.069037117572283480e-01 7.931230790544682163e-01
2.945692090567081323e+02 6.997388391277088206e-03 2.566229638619299883e-02 2.945692090567081323e+02 -3.898709048027051982e-02 6.789093090397918528e-01
2.955463855880316828e+02 -5.872135626181192516e-03 2.565782713999088457e-02 2.955463855880316828e+02 3.806157593174175346e-01 9.237021784396203250e-01
2.965235621193552902e+02 4.792075762653058568e-03 2.565282783802975974e-02 2.965235621193552902e+02 1.968982493469333961e-01 8.007349685186700983e-01
2.975007386506788976e+02 -4.978822722030207260e-03 2.564842958170325538e-02 2.975007386506788976e+02 2.617211364108154581e-01 8.819030533086320567e-01
2.984779151820025049e+02 -2.062838159959197448e-02 2.564001063574747330e-02 2.984779151820025049e+02 2.245953809724764716e-01 8.014710881136136722e-01
2.994550917133260555e+02 -2.752402798810815732e-02 2.563860501894061825e-02 2.994550917133260555e+02 8.482324051465195414e-02 8.600256688397204252e-01
3.004322682446496628e+02 -8.090039660537673427e-03 2.563297511211455604e-02 3.004322682446496628e+02 2.669582946177833094e-01 8.123584541236905654e-01
3.014094447759732702e+02 1.330605586492583647e-02 2.561989452304578099e-02 3.014094447759732702e+02 7.213579833490423310e-01 8.800282999874470269e-01
3.023866213072968776e+02 2.452870574896813538e-03 2.561688036561250714e-02 3.023866213072968776e+02 6.048959268344806794e-01 9.004197922629021411e-01
3.033637978386204850e+02 5.268828765201516440e-03 2.562269259911665459e-02 3.033637978386204850e+02 2.368786949257670749e-01 6.911234629733895574e-01
3.043409743699440924e+02 2.419823903263662590e-02 2.560311074074635151e-02 3.043409743699440924e+02 1.410996799599412155e-03 6.511711149052062941e-01
3.053181509012676997e+02 1.975328366629432522e-02 2.560545968520814772e-02 3.053181509012676997e+02 -2.253662633436039342e-01 7.754532730640519844e-01
3.062953274325913071e+02 3.696319737467312905e-05 2.560178642468567689e-02 3.062953274325913071e+02 -4.186220152789620896e-01 8.245919340920989660e-01
3.072725039639149145e+02 -8.766959669704374805e-03 2.560570314581536722e-02 3.072725039639149145e+02 -2.464272223629039860e-01 8.537792244651233320e-01
3.082496804952385219e+02 -1.177689998016418112e-02 2.559606697398346398e-02 3.082496804952385219e+02 -1.509524580913610414e-01 8.978494273966620698e-01
3.092268570265621292e+02 -2.706386685887420679e-02 2.558903511127979397e-02 3.092268570265621292e+02 -2.789814613875174487e-02 8.730047985392442866e-01
3.102040335578857366e+02 -4.079604895756832467e-02 2.559325659427412122e-02 3.102040335578857366e+02 1.579760562188272655e-01 8.001526642427241320e-01
3.111812100892092872e+02 -3.403080855600042198e-02 2.559313802547350317e-02 3.111812100892092872e+02 3.322283209110812874e-02 8.916147174287143429e-01
3.121583866205328945e+02 -2.329508880911590474e-02 2.559286004926730751e-02 3.121583866205328945e+02 -2.919516633061896016e-01 8.923779770071051942e-01
3.131355631518565019e+02 -1.965496940358391065e-02 2.558372587264778897e-02 3.131355631518565019e+02 -3.735500268754645692e-01 7.168586623455285300e-01
3.141127396831801093e+02 -1.973582308130561458e-02 2.558043612635482397e-02 3.141127396831801093e+02 -3.410625953322854453e-01 7.541372575166436221e-01
3.150899162145036598e+02 -2.469864432043171812e-02 2.558379138847804643e-02 3.150899162145036598e+02 -8.913042109021940274e-02 7.914604904418529596e-01
3.160670927458272672e+02 -2.403635770320766696e-02 2.558222340252611429e-02 3.160670927458272672e+02 4.197582630587115005e-01 7.425272747773961068e-01
3.170442692771508746e+02 -1.379410403064196267e-02 2.558184511163125521e-02 3.170442692771508746e+02 2.572998557614700754e-01 8.996878582123866153e-01
3.180214458084744820e+02 7.816776141296154570e-03 2.558089083487965001e-02 3.180214458084744820e+02 1.530395717315792825e-01 1.043597587280977734e+00
3.189986223397980893e+02 5.708754226093071260e-03 2.557933456558298194e-02 3.189986223397980893e+02 1.571570493796956847e-01 8.876420112465532863e-01
3.199757988711216967e+02 -2.582208455364822658e-02 2.557768450209734271e-02 3.199757988711216967e+02 7.150912936383577168e-02 6.728933112405399708e-01
3.209529754024453041e+02 -2.046424529336610121e-02 2.557947680299993420e-02 3.209529754024453041e+02 -3.249112601106329268e-01 8.106329553483975214e-01
3.219301519337689115e+02 -4.971538241891498323e-03 2.558108879772166833e-02 3.219301519337689115e+02 -1.112126245493629539e-01 8.222173876338213505e-01
3.229073284650925189e+02 -3.919847331631276001e-03 2.558473000388795937e-02 3.229073284650925189e+02 -2.203874740363583329e-01 7.834985089216933707e-01
3.238845049964161262e+02 1.574623682608711564e-02 2.557588845598684352e-02 3.238845049964161262e+02 -2.230903437655407662e-01 7.404664217971439477e-01
3.248616815277397336e+02 2.723701429138692884e-02 2.557611604544654527e-02 3.248616815277397336e+02 7.921622350872339902e-02 6.768652191745031521e-01
3.258388580590633410e+02 3.885560822286637794e-02 2.558020238895415341e-02 3.258388580590633410e+02 -9.842426891903052755e-04 6.045425916781589359e-01
3.268160345903868915e+02 5.697130506111991455e-02 2.558209978546852059e-02 3.268160345903868915e+02 -1.612776450570921893e-01 7.638765683567346754e-01
3.277932111217104989e+02 5.158308677242950946e-02 2.557530033367502384e-02 3.277932111217104989e+02 2.300600163948914034e-01 7.087481771655821383e-01
