# abs_vel_axis  fit_absorption_spectrum  abs_noise_env_prime  em_vel_axis  fit_emission_spectrum  em_spectrum_err
-3.100000000000000000e+02 7.337848000000000148e-01 2.079602601914002369e-01 -7.460740628000000640e+01 1.638730546583374581e+00 5.390177000000000440e+00
-3.095876475300000266e+02 6.428002533333332380e-01 2.081187098051681950e-01 -7.501975874999999405e+01 1.598981074166112792e+00 6.804612599999999567e+00
-3.091752950599999963e+02 6.243155999999998595e-01 2.096401008237701313e-01 -7.543211121999999591e+01 -3.276116627931132119e-01 6.725733299999999915e+00
-3.087629425900000228e+02 6.966957433333332839e-01 2.156106439230134897e-01 -7.584446368999999777e+01 1.466160425268007161e+00 7.245815999999999590e+00
-3.083505901199999926e+02 8.321853666666666482e-01 2.238710910703465562e-01 -7.625681616999999335e+01 2.421596799957939083e-01 9.707254000000000715e+00
-3.079382376400000112e+02 8.994343200000000094e-01 2.312713620931172165e-01 -7.666916863999999521e+01 4.829443460569141089e-01 4.943221999999999561e+00
-3.075258851699999809e+02 9.483044433333333023e-01 2.326623377950862437e-01 -7.708152110999999707e+01 5.585263574310211920e-01 1.157022300000000037e+01
-3.071135327000000075e+02 9.969376666666666109e-01 2.266990101371851030e-01 -7.749387357999999892e+01 -2.010734611194871402e+00 4.693837000000000259e+00
-3.067011802299999772e+02 9.901952666666665737e-01 2.188725492806461448e-01 -7.790622605000000078e+01 -2.612004206154097563e+00 6.423035600000000400e+00
-3.062888277600000038e+02 9.413011833333333467e-01 2.125807249712294844e-01 -7.831857852000000264e+01 -3.027298308113323788e+00 5.371847999999999956e+00
-3.058764752899999735e+02 8.761130833333332646e-01 2.098475471303254125e-01 -7.873093099000000450e+01 5.101020032811298677e-01 6.260494699999999746e+00
-3.054641228200000000e+02 8.359867266666666241e-01 2.083160074645351578e-01 -7.914328347000000008e+01 1.038798426008916698e+00 3.247645400000000127e+00
-3.050517703500000266e+02 7.244497100000000245e-01 2.114764429171167026e-01 -7.955563594000000194e+01 5.178848107367034492e-01 1.009478700000000018e+01
-3.046394178799999963e+02 6.861189599999999444e-01 2.152854181903623987e-01 -7.996798841000000380e+01 -1.840315812225229164e-01 6.640200600000000009e+00
-3.042270654100000229e+02 8.509314499999999226e-01 2.180969496174476607e-01 -8.038034088000000565e+01 -4.662988075150825140e-01 6.110888499999999723e+00
-3.038147129299999847e+02 1.032305849999999969e+00 2.147609351761065322e-01 -8.079269334999999330e+01 -5.106904528076420258e-01 6.765427599999999764e+00
-3.034023604600000112e+02 1.160654033333333279e+00 2.111073692666625146e-01 -8.120504581999999516e+01 -2.588625921413188813e+00 9.026987999999999346e+00
-3.029900079899999810e+02 1.175449933333333252e+00 2.158693056306352220e-01 -8.161739830000000495e+01 -2.661178973685401683e+00 6.756781000000000148e+00
-3.025776555200000075e+02 1.214894399999999930e+00 2.184780845746573941e-01 -8.202975077000000681e+01 -3.028990063157614987e+00 4.646898700000000382e+00
-3.021653030499999772e+02 1.194270600000000071e+00 2.217166112035033609e-01 -8.244210323999999446e+01 1.011581488315904664e-02 5.528319399999999995e+00
-3.017529505800000038e+02 1.112497000000000069e+00 2.174581008235689783e-01 -8.285445570999999632e+01 1.942174352923932590e+00 6.318806999999999618e+00
-3.013405981099999735e+02 1.138741100000000062e+00 2.131652764947837009e-01 -8.326680817999999817e+01 2.183559075164706709e+00 6.680287400000000098e+00
-3.009282456400000001e+02 1.289783499999999972e+00 2.182304203137493681e-01 -8.367916065000000003e+01 1.445104639892493381e+00 6.870561000000000362e+00
-3.005158931700000267e+02 1.424299999999999899e+00 2.270210626050234159e-01 -8.409151312999999561e+01 -7.090770920463865812e-01 5.802802599999999700e+00
-3.001035406999999964e+02 1.365680100000000063e+00 2.376586988088076891e-01 -8.450386559999999747e+01 -9.723822529185998098e-01 7.602222399999999602e+00
-2.996911882200000150e+02 1.111406953333333281e+00 2.359342254993869181e-01 -8.491621806999999933e+01 -6.874922821115909966e-02 5.628785599999999611e+00
-2.992788357499999847e+02 8.990978066666666102e-01 2.311532065159486171e-01 -8.532857054000000119e+01 6.316243316294804788e-02 6.616458399999999962e+00
-2.988664832800000113e+02 8.330197399999998975e-01 2.242238161650666195e-01 -8.574092301000000305e+01 5.050493601370551477e-01 4.123758300000000432e+00
-2.984541308099999810e+02 8.645906199999999764e-01 2.220911515174397444e-01 -8.615327548000000490e+01 -1.286144278488837722e+00 4.817184400000000366e+00
-2.980417783400000076e+02 8.450265466666666558e-01 2.152707166142674433e-01 -8.656562795000000676e+01 -8.812621709438417383e-02 4.080775299999999994e+00
-2.976294258699999773e+02 8.160280466666666177e-01 2.215425884986521599e-01 -8.697798043000000234e+01 -1.163969365699930814e+00 6.372575000000000323e+00
-2.972170734000000039e+02 8.823390799999999423e-01 2.242744638788934930e-01 -8.739033290000000420e+01 -2.659048597638810296e+00 6.276098300000000130e+00
-2.968047209299999736e+02 1.067888033333333375e+00 2.239798743517062707e-01 -8.780268537000000606e+01 -2.461850139598036780e+00 6.847974999999999923e+00
-2.963923684600000001e+02 1.147984200000000010e+00 2.197896305573770193e-01 -8.821503783999999371e+01 -2.192793118223929749e+00 6.254349699999999679e+00
-2.959800159900000267e+02 1.207098333333333162e+00 2.147121277949519680e-01 -8.862739030999999557e+01 1.008566219816843912e+00 5.657901299999999800e+00
-2.955676635099999885e+02 1.196281466666666571e+00 2.150629845195690948e-01 -8.903974277999999742e+01 2.157259032112973929e-01 6.313407400000000003e+00
-2.951553110400000151e+02 1.257278566666666597e+00 2.136119535524992619e-01 -8.945209525999999300e+01 8.789607802724178631e-01 4.921477999999999575e+00
-2.947429585699999848e+02 1.264608999999999872e+00 2.147777130193132267e-01 -8.986444772999999486e+01 3.053710450002047883e-01 1.124466299999999919e+01
-2.943306061000000113e+02 1.207645199999999974e+00 2.191513712855380491e-01 -9.027680019999999672e+01 -2.126713939590214597e-01 5.866090999999999944e+00
-2.939182536299999811e+02 1.021456153333333283e+00 2.200275533056266775e-01 -9.068915266999999858e+01 -6.537071452515811343e-01 7.813307299999999955e+00
-2.935059011600000076e+02 9.178190433333333065e-01 2.161513578362461718e-01 -9.110150514000000044e+01 -3.021965572108071818e-01 5.650092599999999798e+00
-2.930935486899999773e+02 8.564738100000000021e-01 2.132615132359050591e-01 -9.151385761000000230e+01 8.530557318364635766e-02 6.512386300000000183e+00
-2.926811962200000039e+02 8.781261699999999282e-01 2.182403807001125906e-01 -9.192621008999999788e+01 6.768387357810001781e-02 4.055019999999999847e+00
-2.922688437499999736e+02 9.282387466666666143e-01 2.238058612517626056e-01 -9.233856255999999973e+01 -6.502973183607799745e-01 9.308111000000000246e+00
-2.918564912800000002e+02 9.089506466666665840e-01 2.196264027824956500e-01 -9.275091503000000159e+01 -1.440973765333956359e-02 8.476494000000000639e+00
-2.914441388000000188e+02 8.809711333333333227e-01 2.074645442824498420e-01 -9.316326750000000345e+01 2.371721435054100713e+00 7.678930000000000256e+00
-2.910317863299999885e+02 8.370507999999999837e-01 1.985518235000679754e-01 -9.357561997000000531e+01 2.118164453094874666e+00 5.574404200000000031e+00
-2.906194338600000151e+02 8.689336666666666043e-01 1.989124279745903001e-01 -9.398797243999999296e+01 2.589644411135648472e+00 8.488376999999999839e+00
-2.902070813899999848e+02 8.860672799999999016e-01 2.100150616435209339e-01 -9.440032490999999482e+01 6.353591348634349822e-01 8.017523000000000621e+00
-2.897947289200000114e+02 9.056788599999999745e-01 2.177637903432893263e-01 -9.481267739000000461e+01 -2.099623934087781196e-01 8.545801000000000869e+00
-2.893823764499999811e+02 9.695776266666665810e-01 2.164334715755643068e-01 -9.522502986000000647e+01 -1.624423146014324582e+00 6.797909999999999897e+00
-2.889700239800000077e+02 9.827730799999998546e-01 2.129969434434139663e-01 -9.563738232999999411e+01 -3.535546316973551040e+00 8.182043000000000177e+00
-2.885576715099999774e+02 8.838629999999999542e-01 2.076651237170642206e-01 -9.604973479999999597e+01 -3.219737895266110428e+00 6.591796399999999778e+00
-2.881453190400000040e+02 7.753131499999998955e-01 2.079429028821653258e-01 -9.646208726999999783e+01 -1.840755046558670172e+00 1.148577300000000001e+01
-2.877329665699999737e+02 8.296766833333332203e-01 2.053657226334348884e-01 -9.687443973999999969e+01 6.708902581691168487e-01 6.228375999999999912e+00
-2.873206140899999923e+02 9.014355366666665370e-01 2.098059867075480478e-01 -9.728679221999999527e+01 -1.558693614436429398e+00 5.963346500000000106e+00
-2.869082616200000189e+02 8.671859199999999435e-01 2.114905480571110941e-01 -9.769914468999999713e+01 -3.533866943041975350e+00 8.785170000000000812e+00
-2.864959091499999886e+02 8.431145433333332440e-01 2.126592266089994132e-01 -9.811149715999999898e+01 -3.946885661667868472e+00 7.878433700000000428e+00
-2.860835566800000151e+02 9.442052233333332323e-01 2.114884826558421360e-01 -9.852384963000000084e+01 -2.021867434627094617e+00 5.432690599999999925e+00
-2.856712042099999849e+02 1.034670056666666671e+00 2.093959404121331080e-01 -9.893620210000000270e+01 5.236346008034568206e-02 8.547682999999999254e+00
-2.852588517400000114e+02 1.014216666666666544e+00 2.057713434628279103e-01 -9.934855457000000456e+01 1.886592994808132362e+00 7.654022999999999577e+00
-2.848464992699999812e+02 8.693493533333332968e-01 2.070428757315240509e-01 -9.976090705000000014e+01 4.771852360535919324e+00 4.330533499999999592e+00
-2.844341468000000077e+02 7.798556333333332979e-01 2.100177525774747644e-01 -1.001732595200000020e+02 3.941344235263706253e+00 8.051434000000000424e+00
-2.840217943299999774e+02 8.894707333333332633e-01 2.068736215403821910e-01 -1.005856119900000039e+02 4.356844466637813440e+00 7.447866000000000319e+00
-2.836094418600000040e+02 1.136850113333333301e+00 1.971969246357640759e-01 -1.009979644600000057e+02 4.219776578011920520e+00 6.448946000000000289e+00
-2.831970893800000226e+02 1.377386933333333285e+00 1.982241085376448830e-01 -1.014103169299999934e+02 4.514266862719360951e+00 4.467196500000000015e+00
-2.827847369099999923e+02 1.389164699999999808e+00 2.044918369692484972e-01 -1.018226693999999952e+02 1.856454229426801605e+00 5.537244000000000277e+00
-2.823723844400000189e+02 1.169335499999999861e+00 2.119652415583137828e-01 -1.022350218699999971e+02 3.205649415458852042e-02 4.528696000000000055e+00
-2.819600319699999886e+02 9.184078199999998748e-01 2.115784565966421227e-01 -1.026473743500000069e+02 -5.013172137842913934e-01 9.278928999999999760e+00
-2.815476795000000152e+02 8.629906866666665621e-01 2.166133497065051428e-01 -1.030597268199999945e+02 -6.001315438983789718e-02 8.773244999999999294e+00
-2.811353270299999849e+02 9.330447199999999386e-01 2.236015734815296196e-01 -1.034720792899999964e+02 5.739593169842689413e-01 7.577487500000000153e+00
-2.807229745600000115e+02 1.001590966666666471e+00 2.210146453538775480e-01 -1.038844317599999982e+02 -7.213185089749574175e-01 6.914487399999999617e+00
-2.803106220899999812e+02 1.092350799999999955e+00 2.143516648832283766e-01 -1.042967842300000001e+02 -8.099825776008503508e-01 8.739665999999999713e+00
-2.798982696200000078e+02 1.141085066666666537e+00 2.030297256457293809e-01 -1.047091367000000020e+02 -8.322186995397299336e-01 6.000193000000000332e+00
-2.794859171499999775e+02 1.186868699999999999e+00 2.062592872355595019e-01 -1.051214891799999975e+02 1.438116641854723765e+00 7.094096000000000402e+00
-2.790735646699999961e+02 1.127702333333333362e+00 2.066721162768488662e-01 -1.055338416499999994e+02 2.973650216582510719e+00 5.915377000000000329e+00
-2.786612122000000227e+02 1.169788733333333219e+00 2.100944670552436222e-01 -1.059461941200000012e+02 3.045279331289950875e+00 8.422755999999999688e+00
-2.782488597299999924e+02 1.209488666666666656e+00 2.091969264123679229e-01 -1.063585465900000031e+02 1.282038742664058040e+00 6.791356000000000392e+00
-2.778365072600000190e+02 1.198898399999999809e+00 2.047063581601757942e-01 -1.067708990600000050e+02 1.415077804038165077e+00 6.199524399999999602e+00
-2.774241547899999887e+02 1.050489853333333112e+00 2.048883327343259397e-01 -1.071832515300000068e+02 3.009738767659519421e-01 8.914723000000000397e+00
-2.770118023200000152e+02 1.035609619999999786e+00 2.011389608872829193e-01 -1.075956040100000024e+02 2.212142648270720713e-01 6.068303600000000131e+00
-2.765994498499999850e+02 1.128133953333333217e+00 1.998149661207002104e-01 -1.080079564800000043e+02 4.662097662215254346e-01 6.978244000000000113e+00
-2.761870973800000115e+02 1.238445366666666603e+00 1.999804905976502734e-01 -1.084203089500000061e+02 -6.420479770710341150e-01 1.229812100000000008e+01
-2.757747449099999812e+02 1.254730899999999982e+00 2.064262083751730037e-01 -1.088326614199999938e+02 -9.907921103026036402e-02 9.334692000000000434e+00
-2.753623924400000078e+02 1.179598833333333374e+00 2.082380121432884645e-01 -1.092450138899999956e+02 -2.316471174656153043e+00 7.836763999999999619e+00
-2.749500399600000264e+02 1.060401976666666579e+00 2.057334460650425134e-01 -1.096573663599999975e+02 2.211620700512870741e-01 6.026630400000000165e+00
-2.745376874899999962e+02 9.608521599999999552e-01 2.026644146879357788e-01 -1.100697188299999993e+02 1.142722473445740627e+00 6.676961399999999713e+00
-2.741253350200000227e+02 9.092599733333331935e-01 2.080324788657106072e-01 -1.104820713099999949e+02 1.475248093173527453e+00 7.070678000000000019e+00
-2.737129825499999924e+02 9.325306799999999452e-01 2.144730946484138812e-01 -1.108944237799999968e+02 -9.747737420986855028e-01 5.195622000000000185e+00
-2.733006300800000190e+02 9.011352833333332590e-01 2.196998150381510584e-01 -1.113067762499999986e+02 -2.208438150724578275e+00 9.444399000000000655e+00
-2.728882776099999887e+02 9.056715033333332387e-01 2.131028148151667412e-01 -1.117191287200000005e+02 -1.573727612683804677e+00 4.895271300000000103e+00
-2.724759251400000153e+02 7.654205199999998266e-01 2.049938430275052292e-01 -1.121314811900000024e+02 9.564187320236356982e-01 6.263704299999999670e+00
-2.720635726699999850e+02 6.590553566666665919e-01 2.011406576331995766e-01 -1.125438336600000042e+02 -1.597413453248577531e+00 5.914062999999999626e+00
-2.716512202000000116e+02 5.893423899999998827e-01 2.038376493145419577e-01 -1.129561861399999998e+02 -5.812548885207905469e-01 6.610385400000000189e+00
-2.712388677199999734e+02 8.175376566666665568e-01 2.111382389215652744e-01 -1.133685386100000017e+02 -6.078329304596702398e-01 7.087337999999999916e+00
-2.708265152499999999e+02 1.015926433333333101e+00 2.150993127171221819e-01 -1.137808910800000035e+02 3.820620740914436819e+00 3.665931200000000167e+00
-2.704141627800000265e+02 9.932761533333331894e-01 2.185146637018604288e-01 -1.141932435500000054e+02 3.109798542288543910e+00 6.900060700000000047e+00
-2.700018103099999962e+02 9.345539533333332427e-01 2.151578233002084117e-01 -1.146055960199999930e+02 1.932905333662650493e+00 6.176654300000000042e+00
-2.695894578400000228e+02 9.294141533333332150e-01 2.176249144713446604e-01 -1.150179484899999949e+02 1.376454450571040766e-01 8.722775000000000389e+00
-2.691771053699999925e+02 9.801142333333332513e-01 2.209455740203213614e-01 -1.154303009700000047e+02 4.511700764515578221e-01 7.939451000000000036e+00
-2.687647529000000191e+02 9.185260133333331689e-01 2.224236563527475230e-01 -1.158426534400000065e+02 8.648342845126779643e-01 5.998249500000000012e+00
-2.683524004299999888e+02 8.889006133333332560e-01 2.206102878555968316e-01 -1.162550059099999942e+02 2.286746225886785222e+00 5.469831499999999735e+00
-2.679400479600000153e+02 9.655207799999998564e-01 2.192328137027015900e-01 -1.166673583799999960e+02 8.909316345942253079e-01 4.903906000000000098e+00
-2.675276954899999851e+02 1.150135233333333229e+00 2.217240521679135767e-01 -1.170797108499999979e+02 3.111918396833246447e-02 7.579689000000000121e+00
-2.671153430100000037e+02 1.285160399999999870e+00 2.208438049781899504e-01 -1.174920633199999997e+02 7.503293200910617078e-02 9.086620999999999171e+00
-2.667029905399999734e+02 1.320079333333333160e+00 2.226819771775103152e-01 -1.179044157900000016e+02 1.160563119403559718e+00 7.744943600000000039e+00
-2.662906380700000000e+02 1.150420916666666571e+00 2.257960300659328789e-01 -1.183167682699999972e+02 1.546276782798013061e+00 7.900968599999999675e+00
-2.658782856000000265e+02 9.991804166666665710e-01 2.275400439735699165e-01 -1.187291207399999990e+02 -9.262454091408667267e-01 5.511600999999999750e+00
-2.654659331299999963e+02 1.024305749999999904e+00 2.284921754213838363e-01 -1.191414732100000009e+02 -3.272207707766759288e+00 5.886064000000000185e+00
-2.650535806600000228e+02 1.173089366666666633e+00 2.304653142391344667e-01 -1.195538256800000028e+02 -5.424959246392652368e+00 1.004007400000000061e+01
-2.646412281899999925e+02 1.249618799999999919e+00 2.277275249050336459e-01 -1.199661781500000046e+02 -4.091146149018545231e+00 6.721398999999999901e+00
-2.642288757200000191e+02 1.185132099999999911e+00 2.294849643920877647e-01 -1.203785306200000065e+02 -2.667838307624091243e+00 6.296410999999999980e+00
-2.638165232499999888e+02 1.184689600000000009e+00 2.279082805068184392e-01 -1.207908831000000021e+02 -1.047986310962971013e+00 6.146191599999999866e+00
-2.634041707800000154e+02 1.081043453333333293e+00 2.306598157549499262e-01 -1.212032355700000039e+02 -1.423516488901851007e+00 6.080238300000000429e+00
-2.629918182999999772e+02 9.645485199999999093e-01 2.262265317360980799e-01 -1.216155880400000058e+02 -1.562993456527743907e+00 4.840209999999999901e+00
-2.625794658300000037e+02 8.793397199999998248e-01 2.197193466008904583e-01 -1.220279405099999934e+02 -1.935579347086970214e+00 1.065316999999999936e+01
-2.621671133599999735e+02 9.955294999999998451e-01 2.149341999442595796e-01 -1.224402929799999953e+02 -1.510233847112862904e+00 6.510710200000000114e+00
-2.617547608900000000e+02 1.091684133333333140e+00 2.175791597772411545e-01 -1.228526454499999971e+02 -9.635752067184094605e-01 9.640776999999999930e+00
-2.613424084200000266e+02 1.027226646666666632e+00 2.296299653955066189e-01 -1.232649979300000069e+02 -1.638100638657289165e+00 5.495009999999999728e+00
-2.609300559499999963e+02 1.017423280000000041e+00 2.380581383830147890e-01 -1.236773503999999946e+02 -5.161537725295022305e-01 9.923920000000000741e+00
-2.605177034800000229e+02 1.119042446666666635e+00 2.389340411430986577e-01 -1.240897028699999964e+02 -2.175750444887284141e-01 4.734834700000000396e+00
-2.601053510099999926e+02 1.182228066666666688e+00 2.306665919409789378e-01 -1.245020553399999983e+02 2.817211163552044706e+00 5.431031700000000129e+00
-2.596929985400000191e+02 1.112703113333333160e+00 2.291050751748040515e-01 -1.249144078100000002e+02 2.503641284926151567e+00 7.297423000000000215e+00
-2.592806460699999889e+02 1.037839913333333142e+00 2.303054457112968245e-01 -1.253267602800000020e+02 5.184125342966925842e+00 6.639999000000000429e+00
-2.588682935900000075e+02 1.188316079999999886e+00 2.342750109975580142e-01 -1.257391127500000039e+02 3.563427714361379728e+00 6.968510000000000204e+00
-2.584559411199999772e+02 1.278284699999999940e+00 2.314566301374564317e-01 -1.261514652299999995e+02 4.278531645755832891e+00 5.726992599999999989e+00
-2.580435886500000038e+02 1.137636399999999881e+00 2.341291629357202531e-01 -1.265638177000000013e+02 -2.801122028497129435e-01 9.755881000000000469e+00
-2.576312361799999735e+02 9.431162999999999075e-01 2.350669831404025578e-01 -1.269761701700000032e+02 -6.808202848089391912e-01 6.820105599999999768e+00
-2.572188837100000001e+02 8.530591999999999064e-01 2.403898154571525170e-01 -1.273885226400000050e+02 -4.679291167681654540e-01 8.461455000000000837e+00
-2.568065312400000266e+02 9.203641466666665494e-01 2.375813353782547099e-01 -1.278008751100000069e+02 2.101634417939274968e+00 7.066456999999999766e+00
-2.563941787699999963e+02 8.935373966666665391e-01 2.409811459289787350e-01 -1.282132275799999945e+02 4.611361312667061618e+00 6.925904799999999639e+00
-2.559818262999999945e+02 8.906638633333332500e-01 2.387022763873425379e-01 -1.286255800600000043e+02 5.779765640728181886e+00 8.912943000000000282e+00
-2.555694738299999926e+02 9.145889166666665293e-01 2.444434139786020310e-01 -1.290379325300000062e+02 4.351356607122635722e+00 4.698261300000000418e+00
-2.551571213599999908e+02 9.005511999999998851e-01 2.461889244222310036e-01 -1.294502850000000080e+02 3.338876415163409828e+00 6.811141000000000112e+00
-2.547447688800000094e+02 7.620133666666665251e-01 2.498165941462850981e-01 -1.298626374700000099e+02 1.212875043204183712e+00 8.721685000000000798e+00
-2.543324164100000075e+02 5.392489766666666018e-01 2.472321558275389630e-01 -1.302749899400000118e+02 1.202518464244957341e+00 9.032906000000000546e+00
-2.539200639400000057e+02 3.399747166666665654e-01 2.390692658420436045e-01 -1.306873424100000136e+02 -1.910096101027255244e+00 4.926131700000000002e+00
-2.535077114700000038e+02 2.206373466666664562e-01 2.375586372957123882e-01 -1.310996948899999950e+02 -4.281471039632801734e+00 9.257379000000000246e+00
-2.530953590000000020e+02 2.229166566666664906e-01 2.363116557118120908e-01 -1.315120473599999968e+02 -5.208843726238348459e+00 5.260686999999999891e+00
-2.526830065300000001e+02 3.505699633333331233e-01 2.400378185500164907e-01 -1.319243998299999987e+02 -3.480015796864241562e+00 7.656396400000000213e+00
-2.522706540599999983e+02 6.176051899999999151e-01 2.464821446429817098e-01 -1.323367523000000006e+02 8.500256778431989346e-01 4.771942000000000128e+00
-2.518583015899999964e+02 8.460621033333332042e-01 2.532834113778067442e-01 -1.327491047700000024e+02 -2.297282507826938769e-01 7.710478300000000118e+00
-2.514459491199999945e+02 9.702231233333331595e-01 2.579275851014625753e-01 -1.331614572400000043e+02 -5.297485317419200479e-01 8.677122999999999919e+00
-2.510335966499999927e+02 9.440084233333331243e-01 2.565648470263333092e-01 -1.335738097100000061e+02 -1.962618377014133442e+00 8.227982499999999533e+00
-2.506212441700000113e+02 9.072435566666664508e-01 2.582430203725463169e-01 -1.339861621899999875e+02 1.754990774380319918e+00 5.395256999999999969e+00
-2.502088917000000095e+02 9.062752566666665288e-01 2.582397338316519408e-01 -1.343985146599999894e+02 3.239951167747732730e-01 5.890216999999999814e+00
-2.497965392300000076e+02 9.088459833333331073e-01 2.596551594181769618e-01 -1.348108671299999912e+02 -1.371702205184453183e+00 5.051086399999999976e+00
-2.493841867600000057e+02 8.774956833333331652e-01 2.571762602749547710e-01 -1.352232195999999931e+02 -4.072231047701269091e-02 3.496557999999999833e+00
-2.489718342900000039e+02 8.710671833333331060e-01 2.573399534142121747e-01 -1.356355720699999949e+02 3.806762820897093835e+00 8.374283000000000143e+00
-2.485594818200000020e+02 9.661588333333330780e-01 2.562824344653789610e-01 -1.360479245399999968e+02 4.779618772291548190e+00 4.389860999999999791e+00
-2.481471293500000002e+02 1.084632799999999841e+00 2.534940281585178479e-01 -1.364602770200000066e+02 9.307122370193349203e-01 7.024384500000000031e+00
-2.477347768799999983e+02 9.886963499999997795e-01 2.536253394524954907e-01 -1.368726294900000084e+02 -2.478905438252878568e+00 6.795975699999999620e+00
-2.473224244099999964e+02 8.414640833333331127e-01 2.550058689425118152e-01 -1.372849819600000103e+02 -3.297405195878771789e+00 5.301598499999999881e+00
-2.469100719399999946e+02 7.956756833333331613e-01 2.594132395990679796e-01 -1.376973344300000122e+02 4.274560954953360858e-01 9.027568999999999733e+00
-2.464977194600000132e+02 9.006476333333330864e-01 2.591170066965788332e-01 -1.381096869000000140e+02 3.593810976869443063e+00 5.153792000000000151e+00
-2.460853669900000114e+02 1.004408033333333172e+00 2.539975316153604279e-01 -1.385220393699999875e+02 4.190868842263896887e+00 6.475708000000000020e+00
-2.456730145200000095e+02 9.834044666666664769e-01 2.471621995650789549e-01 -1.389343918499999972e+02 1.036774395658349279e+00 7.089852999999999739e+00
-2.452606620500000076e+02 1.013194366666666513e+00 2.422195888533828501e-01 -1.393467443199999991e+02 -2.501490606280530216e+00 9.635386999999999702e+00
-2.448483095800000058e+02 1.069173733333333320e+00 2.450832546203569884e-01 -1.397590967900000010e+02 1.194032967602437906e-01 7.675929000000000002e+00
-2.444359571100000039e+02 1.136969699999999861e+00 2.482786570685005523e-01 -1.401714492600000028e+02 1.963521932801017167e+00 4.315251400000000181e+00
-2.440236046400000021e+02 1.055836553333333150e+00 2.543889900628814038e-01 -1.405838017300000047e+02 4.555140297508457614e+00 5.101584400000000130e+00
-2.436112521700000002e+02 9.753652866666664423e-01 2.518384146178963556e-01 -1.409961542000000065e+02 3.013779348882563713e+00 4.884261000000000408e+00
-2.431988996999999983e+02 9.121341866666664577e-01 2.448233317340730020e-01 -1.414085066700000084e+02 2.649459969436840368e-01 8.010286000000000683e+00
-2.427865472299999965e+02 8.899135333333331177e-01 2.421937814675614864e-01 -1.418208591499999898e+02 -6.882289513285292371e-01 8.648847999999999203e+00
-2.423741947499999867e+02 9.367251999999998135e-01 2.372847140252798415e-01 -1.422332116199999916e+02 -1.418778183267409121e+00 7.648799399999999693e+00
-2.419618422800000133e+02 1.000032099999999868e+00 2.381332400072313782e-01 -1.426455640899999935e+02 2.193351414400309951e-01 7.597889000000000337e+00
-2.415494898100000114e+02 1.107374033333333063e+00 2.295817823913022526e-01 -1.430579165599999953e+02 -7.673725341858620430e-01 6.330765999999999671e+00
-2.411371373400000095e+02 1.152073666666666441e+00 2.286596055259554894e-01 -1.434702690299999972e+02 2.071915385491163164e-02 4.701846599999999654e+00
-2.407247848700000077e+02 1.158477699999999722e+00 2.276619335207180073e-01 -1.438826214999999991e+02 -1.937082041417301559e+00 4.275114000000000303e+00
-2.403124324000000058e+02 1.184200399999999931e+00 2.328457541374886752e-01 -1.442949739800000089e+02 1.165209369977152187e+00 5.248431000000000068e+00
-2.399000799300000040e+02 1.133404499999999704e+00 2.327624569721491732e-01 -1.447073264500000107e+02 7.573468038272561202e-03 5.054598999999999620e+00
-2.394877274600000021e+02 1.085556999999999661e+00 2.335238110586524973e-01 -1.451196789200000126e+02 1.481215088745712949e+00 6.939893200000000206e+00
-2.390753749900000003e+02 9.859376666666664901e-01 2.341545182180812812e-01 -1.455320313899999860e+02 -7.250301654684647434e-02 5.589313999999999893e+00
-2.386630225199999984e+02 8.602331999999998091e-01 2.333197806536504715e-01 -1.459443838599999879e+02 -9.090124951727395208e-01 6.044250500000000415e+00
-2.382506700399999886e+02 8.758038666666665417e-01 2.328283274843098993e-01 -1.463567363299999897e+02 -1.121190828444952770e+00 7.879480400000000273e+00
-2.378383175699999867e+02 1.043991933333333177e+00 2.344455523253154705e-01 -1.467690888099999995e+02 1.278670896161674120e-01 5.438777400000000206e+00
-2.374259651000000133e+02 1.197170933333333132e+00 2.344419982792294854e-01 -1.471814412800000014e+02 -1.458830323227123527e-01 6.199922599999999839e+00
-2.370136126300000114e+02 1.171303633333333094e+00 2.300923981006580965e-01 -1.475937937500000032e+02 9.720210710513947916e-01 9.966468000000000771e+00
-2.366012601600000096e+02 1.094817633333333262e+00 2.253725881213061721e-01 -1.480061462200000051e+02 -2.490960442411647158e-01 5.466539000000000037e+00
-2.361889076900000077e+02 1.031326413333333081e+00 2.247357510973120309e-01 -1.484184986900000069e+02 7.657872724662757591e-01 4.225196999999999647e+00
-2.357765552200000059e+02 1.029078963333333263e+00 2.314090652346280086e-01 -1.488308511600000088e+02 -6.458623061596172610e-01 8.265079500000000579e+00
-2.353642027500000040e+02 1.020179896666666419e+00 2.298040861452964601e-01 -1.492432036300000107e+02 -1.216890997065163793e+00 9.453564000000000078e+00
-2.349518502800000022e+02 1.042559683333333043e+00 2.370723888822116876e-01 -1.496555561099999920e+02 -1.417200898004043585e+00 7.730644999999999989e+00
-2.345394978100000003e+02 1.080907766666666436e+00 2.404060781564931748e-01 -1.500679085799999939e+02 8.463356400570768434e-01 6.246931599999999918e+00
-2.341271453299999905e+02 1.081788499999999820e+00 2.422826159038469485e-01 -1.504802610499999957e+02 2.621184693731184012e+00 4.969287999999999705e+00
-2.337147928599999887e+02 1.120264766666666523e+00 2.406769701000987804e-01 -1.508926135199999976e+02 1.281018195438624607e+00 4.826332999999999984e+00
-2.333024403899999868e+02 1.175195599999999896e+00 2.401449554021625465e-01 -1.513049659899999995e+02 -9.848848728539350006e-01 4.780113700000000243e+00
-2.328900879200000134e+02 1.278534199999999732e+00 2.378684185117247163e-01 -1.517173184600000013e+02 -1.654062498126148029e+00 8.135341000000000378e+00
-2.324777354500000115e+02 1.378348133333333170e+00 2.331444204214108418e-01 -1.521296709400000111e+02 1.584132829934971953e+00 5.473436399999999757e+00
-2.320653829800000096e+02 1.338104666666666498e+00 2.286874124055918445e-01 -1.525420234100000130e+02 4.058647360996092246e+00 4.006522699999999659e+00
-2.316530305100000078e+02 1.187437499999999702e+00 2.314781651128605677e-01 -1.529543758799999864e+02 2.237743649036865623e+00 4.503875700000000037e+00
-2.312406780400000059e+02 1.061562866666666549e+00 2.352480047237117122e-01 -1.533667283499999883e+02 -1.749463379589026646e+00 5.583518500000000273e+00
-2.308283255700000041e+02 9.861627999999998950e-01 2.293891216822912527e-01 -1.537790808199999901e+02 -4.873791848214919398e+00 4.798092399999999813e+00
-2.304159730899999943e+02 9.380536333333332477e-01 2.278398169123468098e-01 -1.541914332899999920e+02 -4.160242108987132426e+00 4.262938499999999742e+00
-2.300036206199999924e+02 9.029234333333331364e-01 2.244517464598830558e-01 -1.546037857700000018e+02 -4.102335257592678808e+00 5.398793000000000397e+00
-2.295912681499999906e+02 9.239697533333331991e-01 2.291253769156919307e-01 -1.550161382400000036e+02 -5.106866812864892857e+00 4.420917000000000208e+00
-2.291789156799999887e+02 9.626298199999998584e-01 2.302417294537350834e-01 -1.554284907100000055e+02 -4.844773641324118252e+00 4.877251000000000225e+00
-2.287665632099999868e+02 9.960376199999998459e-01 2.267876462485401146e-01 -1.558408431800000074e+02 -3.374893589950011208e+00 4.707408000000000037e+00
-2.283542107400000134e+02 1.024842833333333258e+00 2.302763873842371689e-01 -1.562531956500000092e+02 -2.766141285759040613e-01 3.482962000000000113e+00
-2.279418582700000115e+02 1.051427566666666591e+00 2.301920301971989713e-01 -1.566655481200000111e+02 2.219491508131536506e+00 5.366775500000000143e+00
-2.275295058000000097e+02 1.007417866666666439e+00 2.407807517895549643e-01 -1.570779005900000129e+02 2.400362195259901910e-01 4.592651400000000272e+00
-2.271171533300000078e+02 1.018683933333333291e+00 2.438545705400651520e-01 -1.574902530699999943e+02 -2.875498415746223113e+00 1.018680100000000088e+01
-2.267048008600000060e+02 1.012483633333333133e+00 2.426299618293290272e-01 -1.579026055399999962e+02 -5.564649536685102760e+00 7.958158000000000065e+00
-2.262924483799999962e+02 9.982809999999998629e-01 2.416374040451504945e-01 -1.583149580099999980e+02 -1.093759265310995543e+00 5.853754999999999598e+00
-2.258800959099999943e+02 9.251702099999998818e-01 2.380673330088661221e-01 -1.587273104799999999e+02 3.038351872729778247e+00 5.201260600000000345e+00
-2.254677434399999925e+02 8.895456099999998756e-01 2.426518976791883497e-01 -1.591396629500000017e+02 3.180057690103885282e+00 4.827213999999999672e+00
-2.250553909699999906e+02 8.954388766666665500e-01 2.376223881571610796e-01 -1.595520154200000036e+02 3.210673561498339268e+00 6.773398399999999597e+00
-2.246430384999999887e+02 9.036084466666665094e-01 2.394242918875056914e-01 -1.599643679000000134e+02 2.319515602892792572e+00 7.120106999999999964e+00
-2.242306860299999869e+02 9.015695799999998705e-01 2.396745260155904444e-01 -1.603767203699999868e+02 1.121335927287246292e+00 5.315022500000000427e+00
-2.238183335600000134e+02 9.856321799999998579e-01 2.386093477499712234e-01 -1.607890728399999887e+02 2.099050055328019582e+00 8.385832000000000619e+00
-2.234059810900000116e+02 1.145033499999999815e+00 2.378086335358497172e-01 -1.612014253099999905e+02 1.624739563368793327e+00 6.554035999999999973e+00
-2.229936286200000097e+02 1.206412633333333151e+00 2.354532559239069511e-01 -1.616137777799999924e+02 3.383047404742900000e+00 7.571519999999999584e+00
-2.225812761500000079e+02 1.124760656666666581e+00 2.400273480644070090e-01 -1.620261302499999942e+02 2.124942036137353885e+00 8.030169000000000779e+00
-2.221689236699999981e+02 9.677742399999998968e-01 2.386357324549819026e-01 -1.624384827300000040e+02 1.936125950865140943e+00 8.377764000000000877e+00
-2.217565711999999962e+02 9.591261733333331652e-01 2.400960722942982184e-01 -1.628508352000000059e+02 -5.278564407071861808e-03 3.330310599999999788e+00
-2.213442187299999944e+02 1.067188516666666587e+00 2.359636674661758637e-01 -1.632631876700000078e+02 -1.747327290032964831e+00 8.025387999999999522e+00
-2.209318662599999925e+02 1.166069866666666455e+00 2.352243500140124011e-01 -1.636755401400000096e+02 -3.783842141992190822e+00 4.361444500000000168e+00
-2.205195137899999906e+02 1.212364566666666477e+00 2.312233080217250547e-01 -1.640878926100000115e+02 -4.784725893951416786e+00 4.303602999999999845e+00
-2.201071613199999888e+02 1.203991933333333320e+00 2.316055390255717106e-01 -1.645002450800000133e+02 -3.553426615577309988e+00 6.978563000000000294e+00
-2.196948088499999869e+02 1.111795343333333186e+00 2.282914199590956594e-01 -1.649125975499999868e+02 5.559274691504771937e-01 7.685356600000000427e+00
-2.192824563800000135e+02 9.726582433333331723e-01 2.260860067221286407e-01 -1.653249500299999966e+02 3.563687820544930940e+00 5.548118999999999801e+00
-2.188701039100000116e+02 9.073607433333331640e-01 2.236228528195268461e-01 -1.657373024999999984e+02 2.872756445272717229e+00 4.234379299999999624e+00
-2.184577514400000098e+02 9.839328333333332566e-01 2.271577946853835794e-01 -1.661496549700000003e+02 2.958053366468241241e-01 6.090374500000000246e+00
-2.180453989600000000e+02 1.076028399999999774e+00 2.318765804070363479e-01 -1.665620074400000021e+02 4.725218113542644649e-01 5.053800999999999988e+00
-2.176330464899999981e+02 1.081694799999999734e+00 2.360140963234992617e-01 -1.669743599100000040e+02 2.492403962728371614e+00 9.885851000000000610e+00
-2.172206940199999963e+02 1.018240833333333040e+00 2.326787704880764474e-01 -1.673867123800000059e+02 6.474648654122826308e+00 5.887934999999999697e+00
-2.168083415499999944e+02 1.040404733333333054e+00 2.327483206953083750e-01 -1.677990648599999872e+02 5.777456069517278969e+00 3.671333000000000180e+00
-2.163959890799999926e+02 1.083327099999999765e+00 2.360356622125281967e-01 -1.682114173299999891e+02 3.757276744245066080e+00 5.877652000000000321e+00
-2.159836366099999907e+02 1.183217899999999823e+00 2.389172925911196010e-01 -1.686237697999999909e+02 2.465903889525063730e-01 1.173273499999999991e+01
-2.155712841399999888e+02 1.242719266666666433e+00 2.358276943459226005e-01 -1.690361222699999928e+02 -1.013322426733865439e-01 6.708167000000000435e+00
-2.151589316699999870e+02 1.258374233333333203e+00 2.303709652820858100e-01 -1.694484747399999947e+02 -6.594237389659461934e-01 9.112640000000000740e+00
-2.147465792000000135e+02 1.188570966666666395e+00 2.278256267765477738e-01 -1.698608272099999965e+02 7.081582090748277380e-01 5.938544000000000267e+00
-2.143342267300000117e+02 1.052838566666666420e+00 2.312362012453917648e-01 -1.702731796799999984e+02 9.455928161359480333e-01 5.246455700000000277e+00
-2.139218742500000019e+02 8.920326666666664739e-01 2.343595694271838892e-01 -1.706855321600000082e+02 2.300559721863734808e+00 4.813348300000000357e+00
-2.135095217800000000e+02 8.118547866666665502e-01 2.373380615822964224e-01 -1.710978846300000100e+02 1.164740433258188324e+00 7.079677000000000220e+00
-2.130971693099999982e+02 8.559399533333331700e-01 2.365710868232739350e-01 -1.715102371000000119e+02 1.264787849298961930e+00 4.012607000000000035e+00
-2.126848168399999963e+02 1.007472186666666492e+00 2.306680181338839342e-01 -1.719225895700000137e+02 2.885924580673068451e+00 6.472220000000000084e+00
-2.122724643699999945e+02 1.093749399999999872e+00 2.236081141414518747e-01 -1.723349420399999872e+02 2.415388018713842566e+00 7.387233300000000114e+00
-2.118601118999999926e+02 1.037193379999999943e+00 2.156063269504295554e-01 -1.727472945099999890e+02 2.076292819774962606e+00 1.187380699999999933e+01
-2.114477594299999907e+02 9.067756999999998513e-01 2.163187233342571125e-01 -1.731596469899999988e+02 5.127986778360827946e-01 3.381301399999999902e+00
-2.110354069599999889e+02 9.161349333333331790e-01 2.212368017364391981e-01 -1.735719994600000007e+02 1.002906515897202810e+00 4.092788699999999835e+00
-2.106230544899999870e+02 9.997854533333331295e-01 2.286810261171093039e-01 -1.739843519300000025e+02 3.638732162713100293e-01 4.984184700000000134e+00
-2.102107020200000136e+02 1.105034933333333136e+00 2.322505024045274091e-01 -1.743967044000000044e+02 5.242150243120836661e-01 5.319327000000000361e+00
-2.097983495400000038e+02 1.136077099999999840e+00 2.334957080495463355e-01 -1.748090568700000063e+02 -7.635123443138089883e-01 8.900024000000000157e+00
-2.093859970700000019e+02 1.087327866666666587e+00 2.257925142115463080e-01 -1.752214093400000081e+02 -4.863542195860220407e-01 4.460746300000000275e+00
-2.089736446000000001e+02 1.077918499999999780e+00 2.241770637838463864e-01 -1.756337618199999895e+02 -3.678937558191568424e+00 5.169729700000000427e+00
-2.085612921299999982e+02 1.063671199999999928e+00 2.234440477998985430e-01 -1.760461142899999913e+02 -2.342188893463781341e+00 5.787785999999999653e+00
-2.081489396599999964e+02 1.094288999999999845e+00 2.291180643990447796e-01 -1.764584667599999932e+02 -1.882595026123007775e+00 6.443725999999999843e+00
-2.077365871899999945e+02 1.195436366666666528e+00 2.256051993342561846e-01 -1.768708192299999951e+02 4.890928519177656919e-01 5.850634600000000241e+00
-2.073242347199999926e+02 1.320883999999999947e+00 2.237715853687759493e-01 -1.772831716999999969e+02 6.977624232918726577e-01 7.046900700000000128e+00
-2.069118822499999908e+02 1.410866566666666433e+00 2.148769906466468094e-01 -1.776955241699999988e+02 1.216800225365979538e+00 6.823925499999999644e+00
-2.064995297799999889e+02 1.256198823333333214e+00 2.071592369322540483e-01 -1.781078766400000006e+02 1.530518846760433149e+00 5.935480599999999995e+00
-2.060871773099999871e+02 1.036800376666666468e+00 1.988969585587019306e-01 -1.785202291200000104e+02 4.300421815488656568e-02 5.303231000000000250e+00
-2.056748248300000057e+02 1.013073343333333209e+00 1.985205758512075813e-01 -1.789325815900000123e+02 1.242288996216007080e+00 5.059841600000000383e+00
-2.052624723600000038e+02 1.093342953333333201e+00 2.029982717856612384e-01 -1.793449340600000141e+02 1.473295764256780771e+00 8.431905999999999679e+00
-2.048501198900000020e+02 1.074387799999999782e+00 2.089208074586099417e-01 -1.797572865299999876e+02 9.017204656308877020e-01 5.651558399999999871e+00
-2.044377674200000001e+02 9.055542999999999232e-01 2.123857185556737859e-01 -1.801696389999999894e+02 6.591267670049943961e-01 5.300036999999999665e+00
-2.040254149499999983e+02 8.276020999999998962e-01 2.154022395064128514e-01 -1.805819914699999913e+02 6.669455317327813715e-01 8.155421999999999727e+00
-2.036130624799999964e+02 9.364000333333332149e-01 2.128195517837003781e-01 -1.809943439500000011e+02 3.050346276460567996e+00 3.247458200000000073e+00
-2.032007100099999946e+02 9.740647133333332208e-01 2.102834980074304305e-01 -1.814066964200000029e+02 3.695563917855021696e+00 7.090356299999999834e+00
-2.027883575399999927e+02 8.999364799999998166e-01 2.011502539574504533e-01 -1.818190488900000048e+02 4.294077349229127982e+00 6.049337999999999660e+00
-2.023760050699999908e+02 7.596967799999998494e-01 1.929153300373172286e-01 -1.822314013600000067e+02 2.630253473269902109e+00 8.518838000000000577e+00
-2.019636525999999890e+02 7.517860533333331485e-01 1.913771897217476092e-01 -1.826437538300000085e+02 2.221243287977342717e+00 4.841098999999999819e+00
-2.015513001200000076e+02 8.800004866666665260e-01 1.978670376550074606e-01 -1.830561063000000104e+02 3.418395649371795741e+00 5.297474399999999584e+00
-2.011389476500000058e+02 1.049978719999999921e+00 2.060060323609935740e-01 -1.834684587799999917e+02 6.630176761432916344e+00 5.968567000000000178e+00
-2.007265951800000039e+02 1.093463486666666595e+00 2.115487666501017772e-01 -1.838808112499999936e+02 4.547410692827368983e+00 5.203225599999999673e+00
-2.003142427100000020e+02 1.042033069999999784e+00 2.094827163892171995e-01 -1.842931637199999955e+02 3.404824370868143379e+00 4.545132999999999868e+00
-1.999018902400000002e+02 9.729633699999998830e-01 2.093144673588887006e-01 -1.847055161899999973e+02 1.465544798908917201e+00 4.635597699999999932e+00
-1.994895377699999983e+02 1.067410249999999783e+00 2.038726175440881416e-01 -1.851178686599999992e+02 3.936136490283024258e+00 4.713103000000000264e+00
-1.990771852999999965e+02 1.220340199999999875e+00 2.063061050594518220e-01 -1.855302211300000010e+02 3.193761974990464214e+00 4.740273000000000181e+00
-1.986648328299999946e+02 1.292491933333333343e+00 2.088971505943278129e-01 -1.859425736000000029e+02 3.812192576384917597e+00 5.945991499999999874e+00
-1.982524803599999927e+02 1.170326899999999837e+00 2.147358641133659540e-01 -1.863549260800000127e+02 2.602102401112704300e+00 4.885005999999999737e+00
-1.978401278899999909e+02 1.068185766666666536e+00 2.190230265324669134e-01 -1.867672785499999861e+02 2.559376509173824754e+00 5.867574000000000289e+00
-1.974277754100000095e+02 1.062366899999999781e+00 2.179709309810706763e-01 -1.871796310199999880e+02 4.212889370547931556e+00 6.428804999999999659e+00
-1.970154229400000077e+02 1.119652299999999823e+00 2.203150288991641004e-01 -1.875919834899999898e+02 4.394862021922039119e+00 7.916558300000000159e+00
-1.966030704700000058e+02 1.148803433333333235e+00 2.170594173279656036e-01 -1.880043359599999917e+02 4.846652179962813278e+00 7.191469699999999854e+00
-1.961907180000000039e+02 1.120833433333333184e+00 2.137779400382135986e-01 -1.884166884299999936e+02 1.990855314690600508e+00 8.299830999999999293e+00
-1.957783655300000021e+02 1.041140289999999746e+00 2.067722699298966682e-01 -1.888290409100000034e+02 1.273934009418387303e+00 7.791708999999999996e+00
-1.953660130600000002e+02 8.754529233333331328e-01 2.047194236997268990e-01 -1.892413933800000052e+02 1.930956550812840788e+00 1.355860400000000077e+01
-1.949536605899999984e+02 7.601353766666665290e-01 2.065325294249941712e-01 -1.896537458500000071e+02 3.245932472186947582e+00 6.616787999999999670e+00
-1.945413081199999965e+02 7.995989766666665721e-01 2.091037409934569657e-01 -1.900660983200000089e+02 5.556069690227720237e+00 7.008738499999999760e+00
-1.941289556499999946e+02 8.795686433333331777e-01 2.112445797676639758e-01 -1.904784507900000108e+02 4.575887824935160886e+00 7.488302000000000014e+00
-1.937166031700000133e+02 9.299337566666665555e-01 2.056077515872981321e-01 -1.908908032600000126e+02 3.571311289662947974e+00 5.894641400000000253e+00
-1.933042507000000114e+02 9.543347833333332142e-01 1.989622725981768370e-01 -1.913031557399999940e+02 2.111245354390735240e+00 6.462854400000000332e+00
-1.928918982300000096e+02 9.384606699999998858e-01 1.953644522469253075e-01 -1.917155082099999959e+02 2.996988322451855424e+00 6.753030299999999819e+00
-1.924795457600000077e+02 9.633194366666665287e-01 2.068111826199518499e-01 -1.921278606799999977e+02 1.041263670492629245e+00 7.751952600000000082e+00
-1.920671932900000058e+02 9.642270199999998237e-01 2.171170499330486725e-01 -1.925402131499999996e+02 -2.670697054799930470e+00 6.925020700000000140e+00
-1.916548408200000040e+02 1.015409099999999842e+00 2.217056464021548712e-01 -1.929525656200000014e+02 -6.527961030092490624e+00 3.364685800000000171e+00
-1.912424883500000021e+02 1.045299466666666399e+00 2.200923864569691857e-01 -1.933649180900000033e+02 -4.448925602051716943e+00 6.850869699999999618e+00
-1.908301358800000003e+02 1.109170966666666480e+00 2.242494155588743709e-01 -1.937772705600000052e+02 -2.196459095657262939e+00 6.032611400000000401e+00
-1.904177834099999984e+02 1.132272933333333231e+00 2.272364785184668445e-01 -1.941896230399999865e+02 -3.702246195961427233e-01 4.208030700000000124e+00
-1.900054309399999966e+02 1.044834883333333186e+00 2.287168791520231281e-01 -1.946019755099999884e+02 -1.526427227868355940e+00 6.928224600000000066e+00
-1.895930784599999868e+02 9.278927499999998219e-01 2.222600749591302494e-01 -1.950143279799999902e+02 -2.337244961494248763e+00 6.793936000000000419e+00
-1.891807259900000133e+02 9.462505499999998015e-01 2.186249007163954816e-01 -1.954266804499999921e+02 -2.909771898120141476e+00 5.645251000000000019e+00
-1.887683735200000115e+02 1.028404333333333032e+00 2.172674830980139971e-01 -1.958390329199999940e+02 -2.004413557079367969e+00 5.810784299999999902e+00
-1.883560210500000096e+02 1.051599189999999906e+00 2.203459077832057855e-01 -1.962513853899999958e+02 5.920425609817522306e-01 8.060871000000000564e+00
-1.879436685800000078e+02 1.021750956666666488e+00 2.274157803117432264e-01 -1.966637378700000056e+02 1.433483822376205863e+00 6.926172700000000404e+00
-1.875313161100000059e+02 1.004286323333333231e+00 2.261860461746433848e-01 -1.970760903400000075e+02 2.567510653770659346e+00 8.257586999999999122e+00
-1.871189636400000040e+02 1.036666366666666450e+00 2.249969561665579043e-01 -1.974884428100000093e+02 1.450853541811433223e+00 6.478029699999999558e+00
-1.867066111700000022e+02 1.007636419999999866e+00 2.208073953068607209e-01 -1.979007952800000112e+02 2.056866786518873891e+00 5.784661299999999784e+00
-1.862942587000000003e+02 9.335654866666664997e-01 2.214474119141027209e-01 -1.983131477500000130e+02 2.678349195596473886e-01 6.719571000000000183e+00
-1.858819062299999985e+02 9.713190199999998109e-01 2.242556711223449295e-01 -1.987255002199999865e+02 -1.717668132379232659e+00 1.484566099999999977e+01
-1.854695537499999887e+02 1.011512099999999803e+00 2.230076477970563409e-01 -1.991378526999999963e+02 -2.393220583318112826e+00 1.027522300000000044e+01
-1.850572012799999868e+02 9.763976833333332106e-01 2.238123645284194052e-01 -1.995502051699999981e+02 -3.232838933590326036e+00 4.236808299999999861e+00
-1.846448488100000134e+02 7.746882166666665404e-01 2.183759339777222586e-01 -1.999625576400000000e+02 -9.498146355495521442e-01 6.487994999999999735e+00
-1.842324963400000115e+02 6.379289833333332549e-01 2.238131908183519925e-01 -2.003749101100000019e+02 -1.277539910842111714e+00 5.107945400000000191e+00
-1.838201438700000097e+02 6.672112666666665248e-01 2.276355761041177206e-01 -2.007872625800000037e+02 -4.092229498013379430e-01 7.528820500000000138e+00
-1.834077914000000078e+02 7.600899533333331792e-01 2.315262833680580001e-01 -2.011996150500000056e+02 -2.736836951760564407e+00 1.007804400000000022e+01
-1.829954389300000059e+02 9.159164199999998424e-01 2.228264543603740711e-01 -2.016119675200000074e+02 -5.533247604699444544e+00 6.315498999999999974e+00
-1.825830864600000041e+02 9.076679399999998399e-01 2.199591792620547992e-01 -2.020243199999999888e+02 -7.600813539638323846e+00 6.666140600000000305e+00
-1.821707339900000022e+02 9.722692433333331996e-01 2.217306243358874995e-01 -2.024366724699999907e+02 -6.639789428243870084e+00 4.230409599999999770e+00
-1.817583815200000004e+02 8.771543299999998711e-01 2.257024156971695061e-01 -2.028490249399999925e+02 -3.569943259203096630e+00 5.781869999999999621e+00
-1.813460290399999906e+02 8.388691933333332074e-01 2.238958770679972399e-01 -2.032613774099999944e+02 -5.109155244956564701e-01 6.417086600000000196e+00
-1.809336765699999887e+02 7.979658366666665392e-01 2.212073437536246356e-01 -2.036737298799999962e+02 -4.215850478821603353e-02 4.733057999999999765e+00
-1.805213240999999869e+02 8.274585933333331589e-01 2.151379702560874685e-01 -2.040860823499999981e+02 8.917561122729041889e-01 6.258636499999999714e+00
-1.801089716300000134e+02 8.979901599999998707e-01 2.152245787891557405e-01 -2.044984348300000079e+02 -4.545859863326423000e-01 6.756808799999999948e+00
-1.796966191600000116e+02 8.610940166666665174e-01 2.160929420727372985e-01 -2.049107873000000097e+02 -1.583751926604855642e+00 1.020900900000000000e+01
-1.792842666900000097e+02 8.567122066666664759e-01 2.174462250220118853e-01 -2.053231397700000116e+02 -3.716020128564081926e+00 7.899298700000000117e+00
-1.788719142200000078e+02 8.668702099999998634e-01 2.163317629443559376e-01 -2.057354922400000135e+02 -5.107548590523308008e+00 4.283215000000000217e+00
-1.784595617500000060e+02 9.490066533333331167e-01 2.139325653072462474e-01 -2.061478447099999869e+02 -4.719616542482533816e+00 5.137212800000000357e+00
-1.780472092800000041e+02 1.120855019999999813e+00 2.175806717117311773e-01 -2.065601971799999887e+02 -1.540161197754747135e+00 6.899368299999999898e+00
-1.776348568100000023e+02 1.331662666666666439e+00 2.165543559312502475e-01 -2.069725496599999985e+02 9.437906769730396439e-01 9.341710000000000846e+00
-1.772225043299999925e+02 1.396402899999999780e+00 2.151417502670787407e-01 -2.073849021300000004e+02 4.010119108367493190e+00 7.985327999999999982e+00
-1.768101518599999906e+02 1.250679533333333149e+00 2.135694083576430147e-01 -2.077972546000000023e+02 4.201617296408266533e+00 7.575189599999999857e+00
-1.763977993899999888e+02 1.115892233333333206e+00 2.073314983473391049e-01 -2.082096070700000041e+02 5.548841357782374750e+00 1.113033099999999997e+01
-1.759854469199999869e+02 1.143198933333333223e+00 2.055749123651875732e-01 -2.086219595400000060e+02 3.087030595823148094e+00 6.874959999999999738e+00
-1.755730944500000135e+02 1.124782233333333270e+00 2.035744486784305807e-01 -2.090343120100000078e+02 3.799718310530588727e+00 3.549787499999999874e+00
-1.751607419800000116e+02 1.074887933333333212e+00 2.115781394922402470e-01 -2.094466644800000097e+02 4.311511355258375922e+00 6.640810499999999728e+00
-1.747483895100000098e+02 1.001800866666666456e+00 2.114381118200338583e-01 -2.098590169599999911e+02 7.249927346652829563e+00 6.784081999999999724e+00
-1.743360370400000079e+02 1.094268833333333246e+00 2.146450824009502045e-01 -2.102713694299999929e+02 6.253775648047283475e+00 6.542400400000000005e+00
-1.739236845700000060e+02 1.159373566666666466e+00 2.145175599540231348e-01 -2.106837218999999948e+02 5.023114876088057734e+00 5.648232000000000141e+00
-1.735113321000000042e+02 1.171077599999999830e+00 2.159287735962732435e-01 -2.110960743699999966e+02 2.310460252795497826e+00 7.510010000000000296e+00
-1.730989796199999944e+02 1.075648023333333203e+00 2.153678444914104984e-01 -2.115084268399999985e+02 8.460183041696049955e-01 6.023395999999999972e+00
-1.726866271499999925e+02 1.028850256666666407e+00 2.194959348419577572e-01 -2.119207793100000004e+02 8.187303322307251108e-01 6.360392599999999952e+00
-1.722742746799999907e+02 9.029548133333331617e-01 2.205655421012492345e-01 -2.123331317900000101e+02 3.967462364958512122e+00 4.026207399999999659e+00
-1.718619222099999888e+02 7.885695233333331888e-01 2.210513535818340036e-01 -2.127454842600000120e+02 6.198234846352964844e+00 7.260104700000000300e+00
-1.714495697399999870e+02 7.837341566666664594e-01 2.168815093315537568e-01 -2.131578367300000139e+02 8.132821594393739417e+00 4.527235000000000120e+00
-1.710372172700000135e+02 8.606470166666664312e-01 2.171255488101753728e-01 -2.135701891999999873e+02 8.100451889101179859e+00 8.610725999999999658e+00
-1.706248648000000117e+02 9.034762833333331855e-01 2.194214155152656165e-01 -2.139825416699999892e+02 6.935740640475287044e+00 9.196965999999999752e+00
-1.702125123300000098e+02 8.873261833333331294e-01 2.158686760521540127e-01 -2.143948941399999910e+02 5.909439958536407467e+00 9.086916999999999689e+00
-1.698001598600000079e+02 1.028273666666666530e+00 2.146639659004028755e-01 -2.148072466200000008e+02 4.746414963264194320e+00 6.347322000000000131e+00
-1.693878073900000061e+02 1.234800666666666435e+00 2.114283863138063380e-01 -2.152195990900000027e+02 5.947145034658649188e+00 8.123303999999999192e+00
-1.689754549099999963e+02 1.360034333333333123e+00 2.130015241079475097e-01 -2.156319515600000045e+02 7.884045546032756313e+00 5.270651299999999928e+00
-1.685631024399999944e+02 1.382431799999999766e+00 2.154283395302182269e-01 -2.160443040300000064e+02 8.763871044073530570e+00 8.950989999999999114e+00
-1.681507499699999926e+02 1.391753233333333117e+00 2.252502462886435963e-01 -2.164566565000000082e+02 7.479860062114302544e+00 7.090740699999999563e+00
-1.677383974999999907e+02 1.408944299999999927e+00 2.306978545988370155e-01 -2.168690089700000101e+02 6.409711513488410617e+00 6.026238400000000439e+00
-1.673260450299999889e+02 1.314149533333333064e+00 2.307239072528268209e-01 -2.172813614400000120e+02 6.566990118216197381e+00 6.594473999999999947e+00
-1.669136925599999870e+02 1.207165633333333155e+00 2.197019780206955208e-01 -2.176937139199999933e+02 7.850359409610651262e+00 5.016310999999999964e+00
-1.665013400900000136e+02 1.086500099999999858e+00 2.144836347545446831e-01 -2.181060663899999952e+02 6.003278371005104752e+00 6.140205400000000147e+00
-1.660889876200000117e+02 1.096444333333333132e+00 2.151652570988381863e-01 -2.185184188599999970e+02 4.467825909045878063e+00 4.331136700000000062e+00
-1.656766351500000098e+02 1.115336266666666631e+00 2.220271443256386923e-01 -2.189307713299999989e+02 3.343766297086652628e+00 3.823511100000000162e+00
-1.652642826800000080e+02 1.082633399999999968e+00 2.224650974918309931e-01 -2.193431238000000008e+02 4.505483061794092414e+00 9.313496999999999915e+00
-1.648519301999999982e+02 9.771158866666665999e-01 2.130059493845241347e-01 -2.197554762700000026e+02 5.171621779855212431e+00 9.149264999999999759e+00
-1.644395777299999963e+02 8.870111199999998197e-01 2.020067346945701725e-01 -2.201678287500000124e+02 6.358877704582998724e+00 8.648410000000000153e+00
-1.640272252599999945e+02 9.369708533333331868e-01 1.993124078067239624e-01 -2.205801812199999858e+02 6.003885699310785640e+00 9.101549999999999585e+00
-1.636148727899999926e+02 1.006081533333333278e+00 2.027538427240396790e-01 -2.209925336899999877e+02 7.637194317351560180e+00 7.023662599999999756e+00
-1.632025203199999908e+02 1.079477499999999868e+00 2.087017579328535877e-01 -2.214048861599999896e+02 7.645929562058999984e+00 5.308604700000000065e+00
-1.627901678499999889e+02 1.114363066666666624e+00 2.139877586030227985e-01 -2.218172386299999914e+02 9.268107880099774931e+00 5.665773399999999960e+00
-1.623778153799999870e+02 1.091331133333333092e+00 2.190116823365526322e-01 -2.222295910999999933e+02 8.414484094827562544e+00 5.937401999999999624e+00
-1.619654629100000136e+02 1.058113766666666455e+00 2.200445900758718210e-01 -2.226419435800000031e+02 9.108525569555348866e+00 5.624411600000000178e+00
-1.615531104400000117e+02 1.004013999999999740e+00 2.224746027823188144e-01 -2.230542960500000049e+02 7.191569037616468485e+00 7.119423000000000279e+00
-1.611407579700000099e+02 9.798913766666664804e-01 2.182078120360146090e-01 -2.234666485200000068e+02 8.447717598990577059e+00 9.916712000000000415e+00
-1.607284054900000001e+02 9.464236433333331755e-01 2.189857156543706940e-01 -2.238790009900000086e+02 8.545638570364683773e+00 7.694613499999999995e+00
-1.603160530199999982e+02 9.400936766666665445e-01 2.170234032195316465e-01 -2.242913534600000105e+02 8.947271578405457504e+00 4.087077999999999989e+00
-1.599037005499999964e+02 9.047815666666665368e-01 2.204641164224933336e-01 -2.247037059300000124e+02 8.779667049779565247e+00 8.343419000000000807e+00
-1.594913480799999945e+02 8.365541466666664983e-01 2.227187415859430419e-01 -2.251160583999999858e+02 8.100584077840684571e+00 6.369035000000000224e+00
-1.590789956099999927e+02 8.126409466666665304e-01 2.225786075616865700e-01 -2.255284108799999956e+02 1.019390071590180646e+01 6.999625700000000172e+00
-1.586666431399999908e+02 8.740293466666665401e-01 2.204038014485379393e-01 -2.259407633499999974e+02 8.031447280629592456e+00 6.379161400000000093e+00
-1.582542906699999889e+02 9.949954333333331791e-01 2.079243645904373106e-01 -2.263531158199999993e+02 9.807217062003699581e+00 8.500135999999999470e+00
-1.578419381999999871e+02 1.118982466666666564e+00 1.977262384175572651e-01 -2.267654682900000012e+02 9.890879000044472846e+00 6.775046999999999819e+00
-1.574295857300000137e+02 1.143989899999999782e+00 2.059381764720538688e-01 -2.271778207600000030e+02 1.035761442808524713e+01 1.098217799999999933e+01
-1.570172332500000039e+02 1.188623966666666476e+00 2.147365120277481554e-01 -2.275901732300000049e+02 9.069349732813032361e+00 6.977950599999999781e+00
-1.566048807800000020e+02 1.106240433333333106e+00 2.186784954830722494e-01 -2.280025257099999862e+02 5.131110746874152362e+00 8.301170000000000826e+00
-1.561925283100000001e+02 1.039366009999999729e+00 2.109654489376077968e-01 -2.284148781799999881e+02 5.843622034935273213e+00 5.748076000000000185e+00
-1.557801758399999983e+02 1.026197709999999930e+00 2.024347520647299115e-01 -2.288272306499999900e+02 4.349930346309380802e+00 5.263222700000000032e+00
-1.553678233699999964e+02 1.062328176666666568e+00 1.985787234417965008e-01 -2.292395831199999918e+02 5.964761958350154991e+00 9.385400999999999883e+00
-1.549554708999999946e+02 1.178395999999999999e+00 1.983527033107832238e-01 -2.296519355899999937e+02 5.247563333057595258e+00 7.826283499999999727e+00
-1.545431184299999927e+02 1.177469699999999841e+00 2.008838914295779932e-01 -2.300642880599999955e+02 3.534942622452048600e+00 4.613266000000000311e+00
-1.541307659599999909e+02 1.130175399999999941e+00 2.004232385773734026e-01 -2.304766405400000053e+02 5.161603210513168172e+00 6.993185000000000429e+00
-1.537184134899999890e+02 1.089438733333333076e+00 1.999788972218208838e-01 -2.308889930100000072e+02 5.489741628574289045e+00 9.038002999999999787e+00
-1.533060610199999871e+02 1.111029966666666535e+00 2.096810929396866752e-01 -2.313013454800000090e+02 7.735181105281728975e+00 8.373779000000000750e+00
-1.528937085400000058e+02 1.070678149999999773e+00 2.206282930473467407e-01 -2.317136979500000109e+02 5.866603676655835820e+00 5.935933600000000254e+00
-1.524813560700000039e+02 1.040516349999999868e+00 2.241762296468558513e-01 -2.321260504200000128e+02 5.092413158029942544e+00 5.130302000000000362e+00
-1.520690036000000021e+02 9.158114999999998895e-01 2.164567058103488151e-01 -2.325384028899999862e+02 6.977191732737384022e+00 6.567651699999999870e+00
-1.516566511300000002e+02 9.308529499999999013e-01 2.085090395802665086e-01 -2.329507553599999881e+02 8.508189234131837253e+00 7.320758299999999608e+00
-1.512442986599999983e+02 9.272027833333332802e-01 2.112069663931921415e-01 -2.333631078399999979e+02 9.138570725526291127e+00 6.159434000000000076e+00
-1.508319461899999965e+02 9.922499999999998543e-01 2.175622510929606790e-01 -2.337754603099999997e+02 9.238863463587410507e+00 6.841006300000000095e+00
-1.504195937199999946e+02 1.061787599999999943e+00 2.201938538017834679e-01 -2.341878127800000016e+02 9.852445338294851140e+00 7.246682999999999986e+00
-1.500072412499999928e+02 1.048753133333333087e+00 2.146829455876549386e-01 -2.346001652500000034e+02 9.009278893002290900e+00 8.878265000000000740e+00
-1.495948887799999909e+02 1.061598033333333246e+00 2.090100114221178362e-01 -2.350125177200000053e+02 7.844871707709732078e+00 8.630793000000000603e+00
-1.491825363099999890e+02 1.038142933333333184e+00 2.097705190123679009e-01 -2.354248701900000071e+02 5.189910192437518610e+00 8.211088999999999416e+00
-1.487701838300000077e+02 9.878255866666665330e-01 2.118435994774587883e-01 -2.358372226699999885e+02 6.278525360498638186e+00 9.403271000000000157e+00
-1.483578313600000058e+02 8.750467866666665762e-01 2.149907859906205199e-01 -2.362495751399999904e+02 3.468686175226425306e+00 6.958529500000000034e+00
-1.479454788900000040e+02 7.769208699999998746e-01 2.129439451495326596e-01 -2.366619276099999922e+02 4.203620729933866151e+00 4.519110699999999703e+00
-1.475331264200000021e+02 8.003049633333332302e-01 2.155609815878306301e-01 -2.370742800799999941e+02 5.931326574641306415e+00 6.691542000000000101e+00
-1.471207739500000002e+02 9.119834966666664489e-01 2.128360147542279202e-01 -2.374866325499999959e+02 7.342313222682079754e+00 5.584731999999999807e+00
-1.467084214799999984e+02 1.072158813333333072e+00 2.129843464999905955e-01 -2.378989850199999978e+02 7.100307307409866375e+00 1.006207799999999963e+01
-1.462960690099999965e+02 1.135423466666666492e+00 2.098985505563417120e-01 -2.383113375000000076e+02 6.506622078804319642e+00 9.560358000000000800e+00
-1.458837165399999947e+02 1.206694366666666518e+00 2.108058203595481739e-01 -2.387236899700000095e+02 6.802135300198773216e+00 9.758882500000000348e+00
-1.454713640699999928e+02 1.146037233333333072e+00 2.136169436008698574e-01 -2.391360424400000113e+02 7.079138971572880301e+00 6.272045000000000314e+00
-1.450590115999999909e+02 1.113596033333333235e+00 2.169242935775267667e-01 -2.395483949100000132e+02 6.783539909613653940e+00 5.238302000000000014e+00
-1.446466591200000096e+02 9.332634666666664858e-01 2.136820061504993984e-01 -2.399607473799999866e+02 6.535384540987760893e+00 7.133962600000000265e+00
-1.442343066500000077e+02 7.919316999999997941e-01 2.152662567139677074e-01 -2.403730998499999885e+02 6.610921335695201684e+00 5.376454400000000078e+00
-1.438219541800000059e+02 7.626482499999998055e-01 2.082302308161556592e-01 -2.407854523199999903e+02 4.561088170422988419e+00 7.099594999999999878e+00
-1.434096017100000040e+02 8.556663833333332247e-01 2.128669862965972270e-01 -2.411978048000000001e+02 5.306695451817442510e+00 6.682286999999999644e+00
-1.429972492400000021e+02 9.441631166666665242e-01 2.112944331582891633e-01 -2.416101572700000020e+02 5.540411846545229224e+00 7.099275999999999698e+00
-1.425848967700000003e+02 1.029464499999999783e+00 2.130864878333325607e-01 -2.420225097400000038e+02 8.860093621252671525e+00 8.296820000000000306e+00
-1.421725442999999984e+02 1.137522633333333255e+00 2.092380997340235194e-01 -2.424348622100000057e+02 7.954032672626778044e+00 7.382201000000000235e+00
-1.417601918299999966e+02 1.218875233333333252e+00 2.115158846630859624e-01 -2.428472146800000075e+02 1.003918075400088483e+01 5.758136000000000365e+00
-1.413478393599999947e+02 1.180845666666666460e+00 2.151486312913102883e-01 -2.432595671500000094e+02 1.071267279206200307e+01 6.713917300000000310e+00
-1.409354868899999929e+02 1.032619633333333287e+00 2.228213435579435853e-01 -2.436719196299999908e+02 1.335282580012312259e+01 5.260222999999999871e+00
-1.405231344100000115e+02 8.867752466666665168e-01 2.256064096265430752e-01 -2.440842720999999926e+02 1.389954620485091219e+01 5.818816700000000175e+00
-1.401107819400000096e+02 9.020478799999998021e-01 2.182008998375579434e-01 -2.444966245699999945e+02 1.140439045622501801e+01 5.986597500000000238e+00
-1.396984294700000078e+02 1.024016413333333153e+00 2.123568017373325123e-01 -2.449089770399999964e+02 1.057929486093245863e+01 7.550289600000000156e+00
-1.392860770000000059e+02 1.209839999999999804e+00 2.072398534565210726e-01 -2.453213295099999982e+02 9.596449798973234024e+00 4.760586299999999937e+00
-1.388737245300000041e+02 1.307078933333333248e+00 2.176297820685433593e-01 -2.457336819800000001e+02 1.170802325703435365e+01 5.733945399999999637e+00
-1.384613720600000022e+02 1.329990266666666532e+00 2.253950688237362499e-01 -2.461460344600000099e+02 1.402947306176213971e+01 8.188494000000000383e+00
-1.380490195900000003e+02 1.352002533333333201e+00 2.224853603431716786e-01 -2.465583869300000117e+02 1.564053149982325941e+01 6.233234000000000385e+00
-1.376366671199999985e+02 1.335652766666666436e+00 2.127913839165307408e-01 -2.469707394000000136e+02 1.547901010453069937e+01 7.577621500000000232e+00
-1.372243146499999966e+02 1.281865133333333295e+00 2.036706719057604087e-01 -2.473830918699999870e+02 1.377514974257147173e+01 1.092683899999999930e+01
-1.368119621799999948e+02 1.194110933333333291e+00 2.072507689329511349e-01 -2.477954443399999889e+02 1.352664311394557650e+01 8.545284999999999798e+00
-1.363996097000000134e+02 1.146884433333333231e+00 2.176183290448320817e-01 -2.482077968099999907e+02 1.351791755198635059e+01 9.020338000000000633e+00
-1.359872572300000115e+02 1.149264333333333221e+00 2.269869775011141844e-01 -2.486201492799999926e+02 1.461503042338080327e+01 1.198394099999999973e+01
-1.355749047600000097e+02 1.081103113333333088e+00 2.228217914996339644e-01 -2.490325017600000024e+02 1.484128829477525890e+01 5.398729999999999585e+00
-1.351625522900000078e+02 9.606677033333331783e-01 2.124452894595947605e-01 -2.494448542300000042e+02 1.473794009950304407e+01 7.124230400000000074e+00
-1.347501998200000060e+02 8.835794499999998219e-01 2.098023163279593983e-01 -2.498572067000000061e+02 1.572976577087715100e+01 7.980456000000000216e+00
-1.343378473500000041e+02 9.676700366666665110e-01 2.147462602185965796e-01 -2.502695591700000080e+02 1.500252827558458968e+01 5.470788999999999902e+00
-1.339254948800000022e+02 1.040264646666666515e+00 2.167560857138335073e-01 -2.506819116400000098e+02 1.512927181362536544e+01 5.800653999999999755e+00
-1.335131424100000004e+02 1.064772733333333221e+00 2.079235624926402404e-01 -2.510942641100000117e+02 1.444802781835315386e+01 5.021616500000000372e+00
-1.331007899399999985e+02 9.948073333333331547e-01 2.117020490138888933e-01 -2.515066165899999930e+02 1.510098662308094219e+01 7.938407400000000003e+00
-1.326884374699999967e+02 9.456483666666665178e-01 2.129396768647396077e-01 -2.519189690599999949e+02 1.316358063447539628e+01 6.997069399999999995e+00
-1.322760849899999869e+02 9.020138333333331815e-01 2.137866837172927303e-01 -2.523313215299999968e+02 1.082547088251617140e+01 1.253278800000000004e+01
-1.318637325200000134e+02 8.047709833333331897e-01 2.020073676025399001e-01 -2.527436739999999986e+02 8.696732053890277925e+00 8.298132999999999981e+00
-1.314513800500000116e+02 7.765984499999998292e-01 1.980145164724820828e-01 -2.531560264700000005e+02 7.599883788597718848e+00 9.414771999999999252e+00
-1.310390275800000097e+02 8.319093166666664541e-01 2.014158758568901086e-01 -2.535683789400000023e+02 8.279053983325505683e+00 9.497567000000000093e+00
-1.306266751100000079e+02 9.358232799999998131e-01 2.088177663080689472e-01 -2.539807314200000121e+02 8.755442821386626662e+00 1.043456199999999967e+01
-1.302143226400000060e+02 9.973383033333331760e-01 2.167441618065375220e-01 -2.543930838900000140e+02 1.188058832278107957e+01 1.269973500000000044e+01
-1.298019701700000041e+02 9.600798699999998354e-01 2.177039148410466474e-01 -2.548054363599999874e+02 1.235695012748851873e+01 1.445539950000000040e+01
-1.293896177000000023e+02 9.189532399999998935e-01 2.235592722967040535e-01 -2.552177888299999893e+02 1.084940805886262716e+01 1.420843499999999970e+01
-1.289772652300000004e+02 8.591558499999998322e-01 2.267632393173147354e-01 -2.556301412999999911e+02 1.042362893023673287e+01 5.503204000000000207e+00
-1.285649127599999986e+02 8.580706499999998238e-01 2.298856789892149144e-01 -2.560424937700000214e+02 8.241296811610839157e+00 7.764916000000000373e+00
-1.281525602799999888e+02 8.744909999999997963e-01 2.258101334876738975e-01 -2.564548462399999949e+02 9.513163189671960396e+00 7.122633999999999688e+00
-1.277402078100000011e+02 9.076332999999998652e-01 2.182945461630635686e-01 -2.568671987199999762e+02 7.957921841066412760e+00 9.283592999999999762e+00
-1.273278553399999993e+02 8.515237899999997806e-01 2.116613378772209120e-01 -2.572795511900000065e+02 9.329704035794199157e+00 6.008310999999999957e+00
-1.269155028699999974e+02 8.292431233333331653e-01 2.112954390815408867e-01 -2.576919036599999799e+02 7.001641817168306581e+00 9.256223000000000312e+00
-1.265031503999999956e+02 8.240054899999998961e-01 2.143166890832344240e-01 -2.581042561300000102e+02 7.034760608542413252e+00 6.383292700000000153e+00
-1.260907979299999937e+02 9.536027999999998617e-01 2.256048381981802242e-01 -2.585166085999999837e+02 5.978968199916519843e+00 6.407199999999999562e+00
-1.256784454600000061e+02 1.051083333333333147e+00 2.244963897353965954e-01 -2.589289610700000139e+02 7.268483044644306723e+00 7.991045500000000246e+00
-1.252660929900000042e+02 1.037138099999999952e+00 2.274443592959307092e-01 -2.593413135499999953e+02 5.486331809372093637e+00 8.522676999999999836e+00
-1.248537405200000023e+02 8.809409833333331497e-01 2.207599855894022967e-01 -2.597536660200000256e+02 5.322118060766547920e+00 6.032968499999999956e+00
-1.244413880500000005e+02 7.479564166666665681e-01 2.202256602832198540e-01 -2.601660184899999990e+02 5.963989738807320862e+00 4.173888700000000007e+00
-1.240290355700000049e+02 7.537703499999998114e-01 2.123708034618072005e-01 -2.605783709599999725e+02 9.101671516848094612e+00 8.686902999999999153e+00
-1.236166831000000030e+02 9.124766333333331758e-01 2.111183201866298209e-01 -2.609907234300000027e+02 8.216249511555533402e+00 9.087374000000000507e+00
-1.232043306300000012e+02 1.079421133333333227e+00 2.085590193605410814e-01 -2.614030758999999762e+02 5.057430577262974403e+00 5.226789499999999755e+00
-1.227919781599999993e+02 1.178419099999999942e+00 2.100357358709982192e-01 -2.618154283700000065e+02 8.673962886574285713e-01 5.590316999999999759e+00
-1.223796256899999975e+02 1.200425999999999993e+00 2.084577039764043405e-01 -2.622277808499999878e+02 5.509534667185489454e-01 7.799243999999999843e+00
-1.219672732199999956e+02 1.188175466666666624e+00 2.075387454576461121e-01 -2.626401333200000181e+02 2.485699280446335369e+00 6.381419700000000361e+00
-1.215549207499999937e+02 1.168562766666666475e+00 2.085482414786967165e-01 -2.630524857899999915e+02 4.708718761820442467e+00 7.892938599999999916e+00
-1.211425682800000061e+02 1.213951933333333288e+00 2.090680932015687166e-01 -2.634648382600000218e+02 6.067141823194549310e+00 6.454176000000000357e+00
-1.207302158100000042e+02 1.346711033333333196e+00 2.093126710887325548e-01 -2.638771907299999953e+02 4.751686294568655988e+00 8.289894000000000318e+00
-1.203178633299999944e+02 1.436389799999999939e+00 2.045651346991936848e-01 -2.642895432000000255e+02 5.598112529296443540e+00 9.137714000000000780e+00
-1.199055108600000068e+02 1.331989766666666464e+00 2.003571102142166216e-01 -2.647018956800000069e+02 4.761574597357563832e+00 4.689235700000000229e+00
-1.194931583900000049e+02 1.064512916666666698e+00 1.979075899145744666e-01 -2.651142481499999803e+02 5.981601315418683562e+00 4.852176700000000231e+00
-1.190808059200000031e+02 8.447840833333332133e-01 2.044164775331032691e-01 -2.655266006200000106e+02 4.995863740126123886e+00 5.847996000000000194e+00
-1.186684534500000012e+02 9.101187499999998654e-01 2.114726662806850899e-01 -2.659389530899999841e+02 4.791801501500231097e+00 7.396486999999999590e+00
-1.182561009799999994e+02 1.065802966666666407e+00 2.175960868560051220e-01 -2.663513055600000143e+02 4.141753389541004360e+00 8.737923000000000329e+00
-1.178437485099999975e+02 1.175470499999999863e+00 2.161378267452893076e-01 -2.667636580299999878e+02 3.030330757602124780e+00 8.961163000000000878e+00
-1.174313960399999957e+02 1.113581999999999850e+00 2.133557872068775341e-01 -2.671760105100000260e+02 2.499810782329911607e+00 6.499061000000000199e+00
-1.170190435699999938e+02 1.070559099999999875e+00 2.136215132084482993e-01 -2.675883629799999994e+02 2.937190923724365632e+00 6.216654300000000077e+00
-1.166066911000000061e+02 1.050018999999999814e+00 2.164226185688637172e-01 -2.680007154499999729e+02 1.882894630765139299e+00 6.713042699999999918e+00
-1.161943386199999964e+02 1.061110233333333097e+00 2.193508037207133332e-01 -2.684130679200000031e+02 2.605997028805913107e+00 5.191891000000000034e+00
-1.157819861499999945e+02 1.080234499999999764e+00 2.155503118856462452e-01 -2.688254203899999766e+02 3.193758496846687223e+00 6.287983399999999889e+00
-1.153696336800000068e+02 1.037663066666666634e+00 2.143598548487961886e-01 -2.692377728600000069e+02 2.511605282554127516e+00 8.244198000000000803e+00
-1.149572812100000050e+02 8.720547133333331757e-01 2.143500964993928226e-01 -2.696501253299999803e+02 1.324542010615247900e+00 1.155689800000000034e+01
-1.145449287400000031e+02 6.787963133333332344e-01 2.194358744998412825e-01 -2.700624778100000185e+02 5.599584886763678826e-01 7.277849699999999977e+00
-1.141325762700000013e+02 6.054957666666664906e-01 2.227432379651210215e-01 -2.704748302799999919e+02 2.010807453404154899e+00 4.472291499999999864e+00
-1.137202237999999994e+02 7.541974866666664168e-01 2.226080789784633807e-01 -2.708871827500000222e+02 4.185843914449283720e-01 8.095860999999999308e+00
-1.133078713299999976e+02 9.104758199999997137e-01 2.113489846392523908e-01 -2.712995352199999957e+02 -8.631157005142978678e-01 6.560296499999999753e+00
-1.128955188599999957e+02 9.799428333333330965e-01 2.109704960983411204e-01 -2.717118876900000259e+02 -3.510529762473524329e+00 6.132082500000000103e+00
-1.124831663899999938e+02 9.201499666666664856e-01 2.095055205964817813e-01 -2.721242401599999994e+02 -4.113526601079070311e+00 6.107709999999999972e+00
-1.120708139099999983e+02 8.278811333333331302e-01 2.148943954345980123e-01 -2.725365926399999807e+02 -2.495530613017950206e+00 1.027737300000000076e+01
-1.116584614399999964e+02 8.613717333333331672e-01 2.081763121181993414e-01 -2.729489451100000110e+02 4.114965383765032958e-01 8.458719000000000321e+00
-1.112461089699999945e+02 9.264542999999998418e-01 2.071025488408527737e-01 -2.733612975799999845e+02 2.502082134417277448e+00 6.175940999999999903e+00
-1.108337565000000069e+02 1.060025533333333270e+00 2.113179734139548627e-01 -2.737736500500000147e+02 8.778620912471730986e-02 7.969689999999999941e+00
-1.104214040300000050e+02 1.064276066666666409e+00 2.174074805651727837e-01 -2.741860025199999882e+02 -2.026352249501175429e+00 6.877724999999999866e+00
-1.100090515600000032e+02 9.705751333333331177e-01 2.161565771418215709e-01 -2.745983549900000185e+02 -3.770847396106721927e+00 9.838070999999999344e+00
-1.095966990900000013e+02 8.609067466666664448e-01 2.126970172424975658e-01 -2.750107074699999998e+02 -2.264043101378935052e+00 7.825234400000000257e+00
-1.091843466199999995e+02 8.872810799999998332e-01 2.072120589084333886e-01 -2.754230599399999733e+02 -1.539892179984481801e+00 6.196441700000000274e+00
-1.087719941499999976e+02 9.173778799999998679e-01 2.126171124833725057e-01 -2.758354124100000035e+02 -2.376697618610374985e+00 5.462742300000000384e+00
-1.083596416799999957e+02 8.928938799999998066e-01 2.117217808817399016e-01 -2.762477648799999770e+02 -4.764966103902934513e+00 6.695891999999999733e+00
-1.079472892000000002e+02 8.511487466666665114e-01 2.144348219115276566e-01 -2.766601173500000073e+02 -4.418014393528827632e+00 5.617016300000000406e+00
-1.075349367299999983e+02 9.718952133333331744e-01 2.138463065434370591e-01 -2.770724698199999807e+02 -3.957647442154719641e+00 8.414062500000000000e+00
-1.071225842599999964e+02 1.063235866666666585e+00 2.145384344042799429e-01 -2.774848222900000110e+02 -2.563877197426932764e+00 6.073066999999999993e+00
-1.067102317899999946e+02 1.034078983333333257e+00 2.173155075228264954e-01 -2.778971747699999923e+02 -2.875810488365812656e+00 5.699713700000000216e+00
-1.062978793200000069e+02 9.942875499999997979e-01 2.177510413213190055e-01 -2.783095272400000226e+02 -1.057586860704692322e+00 6.979556600000000444e+00
-1.058855268500000051e+02 1.089229883333333149e+00 2.222071796424581747e-01 -2.787218797099999961e+02 -1.018582468997251800e+00 7.282534000000000063e+00
-1.054731743800000032e+02 1.231075133333333183e+00 2.213507211258980700e-01 -2.791342321800000263e+02 -2.370005310956478706e+00 1.034370900000000049e+01
-1.050608219100000014e+02 1.182071433333333088e+00 2.164459049632402043e-01 -2.795465846499999998e+02 -2.299084641182371325e+00 5.469889000000000223e+00
-1.046484694399999995e+02 1.072826166666666525e+00 2.106774851526064529e-01 -2.799589371199999732e+02 -3.580263326787918032e+00 8.350623999999999825e+00
-1.042361169699999977e+02 1.098123066666666592e+00 2.107730046781174926e-01 -2.803712896000000114e+02 1.089311157939868879e+00 8.654991000000000767e+00
-1.038237644900000021e+02 1.259171833333333268e+00 2.115673372242765360e-01 -2.807836420699999849e+02 2.901772698000989248e+00 7.424230999999999803e+00
-1.034114120200000002e+02 1.349378099999999803e+00 2.145855836483132884e-01 -2.811959945400000151e+02 3.605557466041762638e+00 4.939180999999999599e+00
-1.029990595499999984e+02 1.284703499999999776e+00 2.127783247531352395e-01 -2.816083470099999886e+02 7.383700330825367919e-01 5.475939999999999586e+00
-1.025867070799999965e+02 1.196844933333333083e+00 2.118893421991771830e-01 -2.820206994800000189e+02 -7.453121355433562911e-01 5.398965999999999710e+00
-1.021743546099999946e+02 1.135599666666666341e+00 2.140477991408072655e-01 -2.824330519499999923e+02 -3.373953641489028654e-01 5.421093499999999565e+00
-1.017620021400000070e+02 1.136746933333333098e+00 2.198579143597692021e-01 -2.828454044299999737e+02 -3.344179101754448880e+00 1.147419799999999945e+01
-1.013496496700000051e+02 1.258982066666666455e+00 2.264929648081757674e-01 -2.832577569000000040e+02 -5.288180157026661554e+00 6.267644999999999911e+00
-1.009372972000000033e+02 1.308464999999999767e+00 2.258036417448932576e-01 -2.836701093699999774e+02 -5.356426058985888083e+00 7.480048700000000217e+00
-1.005249447300000014e+02 1.244675233333333075e+00 2.259700701872801309e-01 -2.840824618400000077e+02 -1.542529894278447999e+00 3.904136700000000015e+00
-1.001125922599999996e+02 1.036425216666666538e+00 2.252772134668518944e-01 -2.844948143099999811e+02 -9.650695395710077173e-01 6.299019300000000321e+00
-9.970023978000000398e+01 8.865908066666664533e-01 2.261241851791909452e-01 -2.849071667800000114e+02 -2.233559468196900433e+00 4.700025600000000026e+00
-9.928788731000000212e+01 8.051822199999997265e-01 2.179756774304160150e-01 -2.853195192499999848e+02 -2.514342896802447047e+00 5.057229000000000418e+00
-9.887553484000000026e+01 8.100878033333330785e-01 2.123967537151621177e-01 -2.857318717300000230e+02 -1.041746222074659833e+00 5.838230000000000253e+00
-9.846318236999999840e+01 8.015773333333331419e-01 2.062725175582307557e-01 -2.861442241999999965e+02 -4.735848273468731828e-01 3.303817299999999957e+00
-9.805082989999999654e+01 8.875717733333331472e-01 2.015545250634597219e-01 -2.865565766700000268e+02 -1.115923226394328616e-01 6.148930499999999633e+00
-9.763847742999999468e+01 1.085210773333333156e+00 2.034728652255663739e-01 -2.869689291400000002e+02 -6.332297825986591411e-01 6.433036999999999672e+00
-9.722612496000000704e+01 1.221804886666666423e+00 2.094787077519897900e-01 -2.873812816099999736e+02 -1.205134694557885355e+00 7.434799700000000122e+00
-9.681377249000000518e+01 1.206922679999999692e+00 2.140504684752203290e-01 -2.877936340800000039e+02 -2.851126269830098536e+00 5.514485999999999777e+00
-9.640142002000000332e+01 1.049771213333333231e+00 2.070527080286614086e-01 -2.882059865599999853e+02 -1.554570163768978164e+00 4.334603300000000381e+00
-9.598906755000000146e+01 9.740506799999998355e-01 2.034044361730735495e-01 -2.886183390300000156e+02 -1.887376685707858215e+00 5.716129300000000413e+00
-9.557671507000000588e+01 8.974965199999997978e-01 2.034397333639405558e-01 -2.890306914999999890e+02 2.649884289995823039e-01 5.782185000000000130e+00
-9.516436260000000402e+01 7.986870866666664348e-01 2.089246936788231035e-01 -2.894430439700000193e+02 1.243958943707022646e+00 8.118441000000000685e+00
-9.475201013000000216e+01 8.246588866666664241e-01 2.128957355679303720e-01 -2.898553964399999927e+02 1.597784101747796726e+00 5.703193699999999922e+00
-9.433965766000000031e+01 9.740343999999997449e-01 2.159051496952857641e-01 -2.902677489100000230e+02 -1.507847660191083294e+00 7.428840000000000110e+00
-9.392730518999999845e+01 1.066347099999999770e+00 2.206719626428681191e-01 -2.906801013900000044e+02 -5.334505842129963149e+00 6.752779499999999935e+00
-9.351495271999999659e+01 1.060386999999999746e+00 2.195833299229192903e-01 -2.910924538599999778e+02 -4.816073954068842866e+00 6.995995500000000256e+00
-9.310260024999999473e+01 1.122695599999999683e+00 2.191810518006078734e-01 -2.915048063300000081e+02 -1.403560632694735633e+00 6.390113000000000376e+00
-9.269024778000000708e+01 1.277338899999999722e+00 2.128289812845330364e-01 -2.919171587999999815e+02 2.786344438679371649e+00 7.809234000000000009e+00
-9.227789531000000522e+01 1.295141099999999712e+00 2.115258177543618001e-01 -2.923295112700000118e+02 3.705737289720145267e+00 6.998508000000000173e+00
-9.186554284000000337e+01 1.087085333333333237e+00 2.133608731300242756e-01 -2.927418637399999852e+02 1.360373977760919173e+00 9.049134000000000455e+00
-9.145319035999999358e+01 8.890846333333330964e-01 2.132355938469991108e-01 -2.931542162100000155e+02 -1.913122408446274181e-01 1.043411099999999969e+01
-9.104083789000000593e+01 9.087259333333330691e-01 2.120950440771822709e-01 -2.935665686899999969e+02 1.211826424216492670e+00 5.895752400000000115e+00
-9.062848542000000407e+01 1.095865933333333153e+00 2.113940530487427860e-01 -2.939789211600000272e+02 2.492794558944279704e+00 7.321087000000000344e+00
-9.021613295000000221e+01 1.254037133333333109e+00 2.127439638068632233e-01 -2.943912736300000006e+02 1.927555273651719858e+00 6.841179999999999595e+00
-8.980378048000000035e+01 1.329713299999999876e+00 2.143142499984323213e-01 -2.948036260999999740e+02 3.065842150258270560e-01 1.014194700000000005e+01
-8.939142800999999849e+01 1.309381066666666538e+00 2.154828962785987900e-01 -2.952159785700000043e+02 1.281654863999340532e-01 7.255067999999999628e+00
-8.897907553999999664e+01 1.199164999999999814e+00 2.141429976066457630e-01 -2.956283310399999777e+02 7.290761377943878463e-01 6.858274999999999899e+00
-8.856672306999999478e+01 1.159691099999999864e+00 2.147553228227442879e-01 -2.960406835200000160e+02 4.875588191888413636e-01 8.493952000000000169e+00
-8.815437059999999292e+01 1.137443766666666356e+00 2.064894843891069975e-01 -2.964530359899999894e+02 2.524251067249962066e+00 6.890368500000000118e+00
-8.774201813000000527e+01 1.157022633333333106e+00 2.057181355484626883e-01 -2.968653884600000197e+02 3.819322255290735768e+00 6.143189999999999706e+00
-8.732966564999999548e+01 1.111650866666666460e+00 2.058726454855759058e-01 -2.972777409299999931e+02 3.711664333331509358e+00 5.360153999999999641e+00
-8.691731317999999362e+01 1.044542446666666402e+00 2.101500754010818262e-01 -2.976900934000000234e+02 2.656839888038949660e+00 5.187864000000000253e+00
-8.650496071000000597e+01 9.535220466666665118e-01 2.123622065644497348e-01 -2.981024458699999968e+02 3.744874484334032583e-01 4.480662999999999840e+00
-8.609260824000000412e+01 8.858439799999997533e-01 2.100995567081110349e-01 -2.985147983499999782e+02 3.448059673161190108e+00 9.875227999999999895e+00
-8.568025577000000226e+01 8.512227333333330925e-01 2.144642811745775257e-01 -2.989271508200000085e+02 3.755808851222310452e+00 3.604622099999999829e+00
-8.526790330000000040e+01 9.260684999999998501e-01 2.132817299089756480e-01 -2.993395032899999819e+02 6.425384986929750575e+00 4.308896999999999977e+00
-8.485555082999999854e+01 1.011738199999999921e+00 2.125492757497921270e-01 -2.997518557600000122e+02 7.843404981637191575e+00 4.622122300000000017e+00
-8.444319835999999668e+01 1.084650233333333214e+00 2.103650591023782657e-01 -3.001642082299999856e+02 8.276361106344632290e+00 6.300383599999999973e+00
-8.403084588999999482e+01 1.001961966666666370e+00 2.119809575435417648e-01 -3.005765607000000159e+02 4.021982374385404846e+00 7.035975500000000160e+00
-8.361849341999999297e+01 9.339655233333330475e-01 2.177877291784478808e-01 -3.009889131699999893e+02 1.301906355779858471e+00 7.791217299999999568e+00
-8.320614093999999739e+01 1.017248589999999897e+00 2.195611772115818039e-01 -3.014012656500000276e+02 -2.190392461590212891e-01 9.851516999999999413e+00
-8.279378846999999553e+01 1.158959389999999701e+00 2.180985883523113289e-01 -3.018136181200000010e+02 1.730049035235432298e+00 9.218541999999999348e+00
-8.238143599999999367e+01 1.310115599999999825e+00 2.118470660680818463e-01 -3.022259705899999744e+02 3.067055353276206375e+00 4.758288399999999640e+00
-8.196908353000000602e+01 1.343328066666666487e+00 2.042737843324552438e-01 -3.026383230600000047e+02 1.563947434650313495e+00 5.975861000000000089e+00
-8.155673106000000416e+01 1.261506633333333127e+00 2.052417460991472486e-01 -3.030506755299999782e+02 7.982120760244205693e-01 7.315036000000000094e+00
-8.114437859000000230e+01 1.048468533333333230e+00 2.063386902804311140e-01 -3.034630280000000084e+02 -9.407328259144595028e-01 6.248279000000000138e+00
-8.073202612000000045e+01 9.419738999999998086e-01 2.116466899090022058e-01 -3.038753804799999898e+02 7.947870454799940143e-01 6.560897399999999990e+00
-8.031967364999999859e+01 9.895245666666664386e-01 2.118835959633077470e-01 -3.042877329500000201e+02 1.806172113541114177e+00 4.731878000000000029e+00
-7.990732117999999673e+01 1.175483566666666535e+00 2.129101557642869014e-01 -3.047000854199999935e+02 5.270086215818879927e-01 8.458244999999999791e+00
-7.949496870000000115e+01 1.293504766666666361e+00 2.149252889574030378e-01 -3.051124378900000238e+02 -7.489340337106717982e-01 5.696192299999999875e+00
-7.908261622999999929e+01 1.355136999999999814e+00 2.160189378331205390e-01 -3.055247903599999972e+02 -1.770610985669897941e+00 6.779947800000000413e+00
-7.867026375999999743e+01 1.308351033333333024e+00 2.131203134089342532e-01 -3.059371428300000275e+02 -9.926006263087776560e-01 7.290968399999999683e+00
-7.825791128999999557e+01 1.152598799999999812e+00 2.042996795075182059e-01 -3.063494953100000089e+02 -5.290377158099079935e-02 6.608093700000000403e+00
-7.784555881999999372e+01 1.017036313333333108e+00 2.056206155378552669e-01 -3.067618477799999823e+02 2.257148489813462611e+00 6.698622699999999597e+00
-7.743320635000000607e+01 9.743465133333331085e-01 2.082788952870144594e-01 -3.071742002500000126e+02 4.933789456554237063e+00 5.841601999999999961e+00
-7.702085388000000421e+01 9.270534633333330499e-01 2.147846842604201889e-01 -3.075865527199999860e+02 6.815138051261677710e+00 7.925528500000000420e+00
-7.660850141000000235e+01 8.559682499999997640e-01 2.144866086449105369e-01 -3.079989051900000163e+02 5.944059389302451812e+00 8.996871000000000507e+00
-7.619614894000000049e+01 7.892424833333331335e-01 2.144111744582689882e-01 -3.084112576599999898e+02 3.186644350343225351e+00 7.668132299999999901e+00
-7.578379646999999864e+01 8.444599999999997664e-01 2.167388206232190029e-01 -3.088236101300000200e+02 4.166559584043453834e-01 6.252538999999999625e+00
-7.537144399000000305e+01 9.739591999999998029e-01 2.130193745620843349e-01 -3.092359626100000014e+02 -1.451424830201201166e+00 4.238807000000000436e+00
-7.495909152000000120e+01 1.029974233333333045e+00 2.179401568872142703e-01 -3.096483150799999748e+02 -1.726948855140080896e+00 5.030038000000000231e+00
-7.454673904999999934e+01 1.042076533333333055e+00 3.333333333333333287e-02 -3.100606675500000051e+02 -1.741676774224009572e+00 5.865809399999999840e+00
-7.413438657999999748e+01 1.045061899999999655e+00 3.333333333333333287e-02 nan nan nan
-7.372203410999999562e+01 1.177029233333332980e+00 3.333333333333333287e-02 nan nan nan
-7.330968163999999376e+01 1.158740933333333167e+00 3.333333333333333287e-02 nan nan nan
-7.289732917000000612e+01 1.017735766666666430e+00 3.333333333333333287e-02 nan nan nan
-7.248497670000000426e+01 8.070935433333331632e-01 3.333333333333333287e-02 nan nan nan
-7.207262423000000240e+01 8.012206433333330935e-01 3.333333333333333287e-02 nan nan nan
-7.166027176000000054e+01 9.045915266666664234e-01 3.333333333333333287e-02 nan nan nan
-7.124791928000000496e+01 9.865842499999997184e-01 3.333333333333333287e-02 nan nan nan
-7.083556681000000310e+01 1.025926283333333133e+00 3.333333333333333287e-02 nan nan nan
-7.042321434000000124e+01 1.039272766666666348e+00 3.333333333333333287e-02 nan nan nan
-7.001086186999999939e+01 1.011078766666666517e+00 3.333333333333333287e-02 nan nan nan
-6.959850939999999753e+01 9.690725766666664631e-01 3.333333333333333287e-02 nan nan nan
-6.918615692999999567e+01 9.370870099999997205e-01 3.333333333333333287e-02 nan nan nan
-6.877380445999999381e+01 8.971419566666664069e-01 3.333333333333333287e-02 nan nan nan
-6.836145199000000616e+01 8.662170999999997401e-01 3.333333333333333287e-02 nan nan nan
-6.794909952000000430e+01 8.653498866666664568e-01 3.333333333333333287e-02 nan nan nan
-6.753674705000000245e+01 9.439960733333331300e-01 3.333333333333333287e-02 nan nan nan
-6.712439457000000687e+01 1.036284953333333148e+00 3.333333333333333287e-02 nan nan nan
-6.671204210000000501e+01 1.142972133333333140e+00 3.333333333333333287e-02 nan nan nan
-6.629968963000000315e+01 1.206269433333333030e+00 3.333333333333333287e-02 nan nan nan
-6.588733716000000129e+01 1.192108466666666367e+00 3.333333333333333287e-02 nan nan nan
-6.547498468999999943e+01 1.054033083333333121e+00 3.333333333333333287e-02 nan nan nan
-6.506263221999999757e+01 9.068424599999997948e-01 3.333333333333333287e-02 nan nan nan
-6.465027974999999572e+01 8.648737466666663876e-01 3.333333333333333287e-02 nan nan nan
-6.423792727999999386e+01 8.710383966666663813e-01 3.333333333333333287e-02 nan nan nan
-6.382557480999999910e+01 9.576759866666664234e-01 3.333333333333333287e-02 nan nan nan
-6.341322233999999725e+01 9.594766233333331673e-01 3.333333333333333287e-02 nan nan nan
-6.300086986000000167e+01 1.038468623333333118e+00 3.333333333333333287e-02 nan nan nan
-6.258851738999999981e+01 1.043711089999999730e+00 3.333333333333333287e-02 nan nan nan
-6.217616491999999795e+01 1.128268266666666353e+00 3.333333333333333287e-02 nan nan nan
-6.176381245000000320e+01 1.244469466666666468e+00 3.333333333333333287e-02 nan nan nan
-6.135145998000000134e+01 1.251144199999999929e+00 3.333333333333333287e-02 nan nan nan
-6.093910750999999948e+01 1.277598633333333122e+00 3.333333333333333287e-02 nan nan nan
-6.052675503999999762e+01 1.258972733333333149e+00 3.333333333333333287e-02 nan nan nan
-6.011440257000000287e+01 1.254350499999999702e+00 3.333333333333333287e-02 nan nan nan
-5.970205010000000101e+01 1.043230866666666312e+00 3.333333333333333287e-02 nan nan nan
-5.928969762999999915e+01 8.182433333333331005e-01 3.333333333333333287e-02 nan nan nan
-5.887734514999999647e+01 7.648413799999997931e-01 3.333333333333333287e-02 nan nan nan
-5.846499268000000171e+01 8.638202333333331318e-01 3.333333333333333287e-02 nan nan nan
-5.805264020999999985e+01 9.642271666666664132e-01 3.333333333333333287e-02 nan nan nan
-5.764028773999999800e+01 1.024693919999999814e+00 3.333333333333333287e-02 nan nan nan
-5.722793527000000324e+01 1.117410266666666541e+00 3.333333333333333287e-02 nan nan nan
-5.681558280000000138e+01 1.247469733333333108e+00 3.333333333333333287e-02 nan nan nan
-5.640323032999999953e+01 1.206682266666666337e+00 3.333333333333333287e-02 nan nan nan
-5.599087785999999767e+01 1.150897199999999732e+00 3.333333333333333287e-02 nan nan nan
-5.557852539000000291e+01 1.051614199999999721e+00 3.333333333333333287e-02 nan nan nan
-5.516617292000000106e+01 1.060800599999999871e+00 3.333333333333333287e-02 nan nan nan
-5.475382043999999837e+01 9.429600333333331141e-01 3.333333333333333287e-02 nan nan nan
-5.434146796999999651e+01 7.493158566666664466e-01 3.333333333333333287e-02 nan nan nan
-5.392911550000000176e+01 6.596861766666664018e-01 3.333333333333333287e-02 nan nan nan
-5.351676302999999990e+01 7.042249266666664731e-01 3.333333333333333287e-02 nan nan nan
-5.310441055999999804e+01 8.526887899999997522e-01 3.333333333333333287e-02 nan nan nan
-5.269205809000000329e+01 9.502472366666664394e-01 3.333333333333333287e-02 nan nan nan
-5.227970562000000143e+01 9.311985866666664391e-01 3.333333333333333287e-02 nan nan nan
-5.186735314999999957e+01 9.518118333333331904e-01 3.333333333333333287e-02 nan nan nan
-5.145500067999999771e+01 9.423338666666665198e-01 3.333333333333333287e-02 nan nan nan
-5.104264821000000296e+01 1.010365833333333185e+00 3.333333333333333287e-02 nan nan nan
-5.063029573000000028e+01 1.061622366666666428e+00 3.333333333333333287e-02 nan nan nan
-5.021794325999999842e+01 1.146395999999999749e+00 3.333333333333333287e-02 nan nan nan
-4.980559078999999656e+01 1.201931333333333018e+00 3.333333333333333287e-02 nan nan nan
-4.939323832000000181e+01 1.122223366666666333e+00 3.333333333333333287e-02 nan nan nan
-4.898088584999999995e+01 9.805986333333330807e-01 3.333333333333333287e-02 nan nan nan
-4.856853337999999809e+01 8.435192166666664049e-01 3.333333333333333287e-02 nan nan nan
-4.815618091000000334e+01 7.533461166666663988e-01 3.333333333333333287e-02 nan nan nan
-4.774382844000000148e+01 7.253387633333330253e-01 3.333333333333333287e-02 nan nan nan
-4.733147596999999962e+01 9.130878133333331093e-01 3.333333333333333287e-02 nan nan nan
-4.691912349999999776e+01 1.104637313333332926e+00 3.333333333333333287e-02 nan nan nan
-4.650677102000000218e+01 1.168926666666666447e+00 3.333333333333333287e-02 nan nan nan
-4.609441855000000032e+01 1.121209066666666310e+00 3.333333333333333287e-02 nan nan nan
-4.568206607999999846e+01 1.104366399999999748e+00 3.333333333333333287e-02 nan nan nan
-4.526971360999999661e+01 1.184868933333333096e+00 3.333333333333333287e-02 nan nan nan
-4.485736114000000185e+01 1.275808799999999854e+00 3.333333333333333287e-02 nan nan nan
-4.444500867000000000e+01 1.304706466666666342e+00 3.333333333333333287e-02 nan nan nan
-4.403265619999999814e+01 1.209385433333333149e+00 3.333333333333333287e-02 nan nan nan
-4.362030373000000338e+01 1.093483766666666357e+00 3.333333333333333287e-02 nan nan nan
-4.320795126000000153e+01 1.131914099999999701e+00 3.333333333333333287e-02 nan nan nan
-4.279559877999999884e+01 1.142731033333333146e+00 3.333333333333333287e-02 nan nan nan
-4.238324630999999698e+01 1.074696323333333092e+00 3.333333333333333287e-02 nan nan nan
-4.197089384000000223e+01 8.941617333333331530e-01 3.333333333333333287e-02 nan nan nan
-4.155854137000000037e+01 8.362886999999997739e-01 3.333333333333333287e-02 nan nan nan
-4.114618889999999851e+01 7.818532433333330589e-01 3.333333333333333287e-02 nan nan nan
-4.073383642999999665e+01 8.084469499999997755e-01 3.333333333333333287e-02 nan nan nan
-4.032148396000000190e+01 9.274347166666664366e-01 3.333333333333333287e-02 nan nan nan
-3.990913149000000004e+01 1.089508716666666377e+00 3.333333333333333287e-02 nan nan nan
-3.949677901999999818e+01 1.203302099999999708e+00 3.333333333333333287e-02 nan nan nan
-3.908442655000000343e+01 1.216883033333333142e+00 3.333333333333333287e-02 nan nan nan
-3.867207407000000075e+01 1.084007366666666528e+00 3.333333333333333287e-02 nan nan nan
-3.825972159999999889e+01 8.360764666666664624e-01 3.333333333333333287e-02 nan nan nan
-3.784736912999999703e+01 6.910386433333330913e-01 3.333333333333333287e-02 nan nan nan
-3.743501666000000228e+01 7.059603866666663841e-01 3.333333333333333287e-02 nan nan nan
-3.702266419000000042e+01 8.709039533333331473e-01 3.333333333333333287e-02 nan nan nan
-3.661031171999999856e+01 9.812537766666664663e-01 3.333333333333333287e-02 nan nan nan
-3.619795924999999670e+01 1.009126319999999799e+00 3.333333333333333287e-02 nan nan nan
-3.578560678000000195e+01 1.087436486666666369e+00 3.333333333333333287e-02 nan nan nan
-3.537325431000000009e+01 1.137249953333333119e+00 3.333333333333333287e-02 nan nan nan
-3.496090183999999823e+01 1.251573399999999836e+00 3.333333333333333287e-02 nan nan nan
-3.454854936000000265e+01 1.271962399999999827e+00 3.333333333333333287e-02 nan nan nan
-3.413619689000000079e+01 1.231297099999999700e+00 3.333333333333333287e-02 nan nan nan
-3.372384441999999893e+01 1.111112266666666404e+00 3.333333333333333287e-02 nan nan nan
-3.331149194999999708e+01 9.321774666666664544e-01 3.333333333333333287e-02 nan nan nan
-3.289913948000000232e+01 8.955634333333331032e-01 3.333333333333333287e-02 nan nan nan
-3.248678701000000046e+01 8.992009499999997768e-01 3.333333333333333287e-02 nan nan nan
-3.207443453999999861e+01 9.288614166666664396e-01 3.333333333333333287e-02 nan nan nan
-3.166208207000000030e+01 9.616651833333331734e-01 3.333333333333333287e-02 nan nan nan
-3.124972959999999844e+01 1.012059433333333036e+00 3.333333333333333287e-02 nan nan nan
-3.083737713000000014e+01 1.048715916666666415e+00 3.333333333333333287e-02 nan nan nan
-3.042502465000000100e+01 9.095416833333330731e-01 3.333333333333333287e-02 nan nan nan
-3.001267217999999914e+01 8.781055166666664746e-01 3.333333333333333287e-02 nan nan nan
-2.960031971000000084e+01 9.692343666666665136e-01 3.333333333333333287e-02 nan nan nan
-2.918796723999999898e+01 1.083591566666666450e+00 3.333333333333333287e-02 nan nan nan
-2.877561477000000068e+01 9.884799866666664769e-01 3.333333333333333287e-02 nan nan nan
-2.836326229999999882e+01 8.164489199999998004e-01 3.333333333333333287e-02 nan nan nan
-2.795090983000000051e+01 7.463914966666664874e-01 3.333333333333333287e-02 nan nan nan
-2.753855735999999865e+01 7.568870199999997439e-01 3.333333333333333287e-02 nan nan nan
-2.712620489000000035e+01 7.620800533333330629e-01 3.333333333333333287e-02 nan nan nan
-2.671385241999999849e+01 7.046669333333330787e-01 3.333333333333333287e-02 nan nan nan
-2.630149993999999936e+01 7.632434899999998024e-01 3.333333333333333287e-02 nan nan nan
-2.588914747000000105e+01 9.067223899999997672e-01 3.333333333333333287e-02 nan nan nan
-2.547679499999999919e+01 1.089438266666666433e+00 3.333333333333333287e-02 nan nan nan
-2.506444253000000089e+01 1.091686399999999724e+00 3.333333333333333287e-02 nan nan nan
-2.465209005999999903e+01 9.551997799999998318e-01 3.333333333333333287e-02 nan nan nan
-2.423973759000000072e+01 8.894208799999997472e-01 3.333333333333333287e-02 nan nan nan
-2.382738511999999886e+01 9.772037133333331127e-01 3.333333333333333287e-02 nan nan nan
-2.341503265000000056e+01 1.079951099999999720e+00 3.333333333333333287e-02 nan nan nan
-2.300268017999999870e+01 1.154587199999999703e+00 3.333333333333333287e-02 nan nan nan
-2.259032771000000039e+01 1.153287566666666430e+00 3.333333333333333287e-02 nan nan nan
-2.217797523000000126e+01 1.159874033333333054e+00 3.333333333333333287e-02 nan nan nan
-2.176562275999999940e+01 1.207133266666666316e+00 3.333333333333333287e-02 nan nan nan
-2.135327029000000110e+01 1.262473133333332997e+00 3.333333333333333287e-02 nan nan nan
-2.094091781999999924e+01 1.317876966666666316e+00 3.333333333333333287e-02 nan nan nan
-2.052856535000000093e+01 1.300032799999999655e+00 3.333333333333333287e-02 nan nan nan
-2.011621287999999907e+01 1.173588946666666466e+00 3.333333333333333287e-02 nan nan nan
-1.970386041000000077e+01 1.018539696666666439e+00 3.333333333333333287e-02 nan nan nan
-1.929150793999999891e+01 9.745112299999997285e-01 3.333333333333333287e-02 nan nan nan
-1.887915547000000061e+01 1.197176483333333152e+00 3.333333333333333287e-02 nan nan nan
-1.846680299999999875e+01 1.364595133333333044e+00 3.333333333333333287e-02 nan nan nan
-1.805445051999999961e+01 1.267748866666666530e+00 3.333333333333333287e-02 nan nan nan
-1.764209805000000131e+01 1.010564099999999854e+00 3.333333333333333287e-02 nan nan nan
